0.000000000000000000e+00 6.199506035385631852e-15
1.000000000000000000e+00 6.264194871735174151e-15
2.000000000000000000e+00 6.328260962275340530e-15
3.000000000000000000e+00 6.391684112383355288e-15
4.000000000000000000e+00 6.454445771184804160e-15
5.000000000000000000e+00 6.516526448520495371e-15
6.000000000000000000e+00 6.577907769631914383e-15
7.000000000000000000e+00 6.638570890118153961e-15
8.000000000000000000e+00 6.698497611336595351e-15
9.000000000000000000e+00 6.757669382412825870e-15
1.000000000000000000e+01 6.816068533051916481e-15
1.100000000000000000e+01 6.873677334253636401e-15
1.200000000000000000e+01 6.930478820186642097e-15
1.300000000000000000e+01 6.986454909618910430e-15
1.400000000000000000e+01 7.041589106361486622e-15
1.500000000000000000e+01 7.095864708756869633e-15
1.600000000000000000e+01 7.149265367379353147e-15
1.700000000000000000e+01 7.201774732803227690e-15
1.800000000000000000e+01 7.253377160066370080e-15
1.900000000000000000e+01 7.304057092264606210e-15
2.000000000000000000e+01 7.353798561556671022e-15
2.100000000000000000e+01 7.402587067733766689e-15
2.200000000000000000e+01 7.450407699650004433e-15
2.300000000000000000e+01 7.497246250623083344e-15
2.400000000000000000e+01 7.543088044328309023e-15
2.500000000000000000e+01 7.587919637252263078e-15
2.600000000000000000e+01 7.631727351060331162e-15
2.700000000000000000e+01 7.674497800944392690e-15
2.800000000000000000e+01 7.716218306559914943e-15
2.900000000000000000e+01 7.756876011446463900e-15
3.000000000000000000e+01 7.796458704901898753e-15
3.100000000000000000e+01 7.834954234929370194e-15
3.200000000000000000e+01 7.872351388816814313e-15
3.300000000000000000e+01 7.908638836441566857e-15
3.400000000000000000e+01 7.943805130270369540e-15
3.500000000000000000e+01 7.977839879465337199e-15
3.600000000000000000e+01 8.010733045420380972e-15
3.700000000000000000e+01 8.042474413413515426e-15
3.800000000000000000e+01 8.073054414481038878e-15
3.900000000000000000e+01 8.102463655775149374e-15
4.000000000000000000e+01 8.130693566322225283e-15
4.100000000000000000e+01 8.157735692559242164e-15
4.200000000000000000e+01 8.183581404807283737e-15
4.300000000000000000e+01 8.208223188788104651e-15
4.400000000000000000e+01 8.231653647634059902e-15
4.500000000000000000e+01 8.253865384477504482e-15
4.600000000000000000e+01 8.274852176556768435e-15
4.700000000000000000e+01 8.294607272762493661e-15
4.800000000000000000e+01 8.313124743859502386e-15
4.900000000000000000e+01 8.330399071549712520e-15
5.000000000000000000e+01 8.346425324588026341e-15
5.100000000000000000e+01 8.361198160792255175e-15
5.200000000000000000e+01 8.374713294675588208e-15
5.300000000000000000e+01 8.386966969098904342e-15
5.400000000000000000e+01 8.397954898575392762e-15
5.500000000000000000e+01 8.407674206545415233e-15
5.600000000000000000e+01 8.416121605512239416e-15
5.700000000000000000e+01 8.423294982085108016e-15
5.800000000000000000e+01 8.429191694525580333e-15
5.900000000000000000e+01 8.433810099085286252e-15
6.000000000000000000e+01 8.437149256479448260e-15
6.100000000000000000e+01 8.439207464254401592e-15
6.200000000000000000e+01 8.439984370178353103e-15
6.300000000000000000e+01 8.439479680724807454e-15
6.400000000000000000e+01 8.437693748125560944e-15
6.500000000000000000e+01 8.434626865907104180e-15
6.600000000000000000e+01 8.430280208175413788e-15
6.700000000000000000e+01 8.424655007741764197e-15
6.800000000000000000e+01 8.417752497417428261e-15
6.900000000000000000e+01 8.409575377646152374e-15
7.000000000000000000e+01 8.400125879229286286e-15
7.100000000000000000e+01 8.389406878726472964e-15
7.200000000000000000e+01 8.377421252697350643e-15
7.300000000000000000e+01 8.364173051807535760e-15
7.400000000000000000e+01 8.349666326722641595e-15
7.500000000000000000e+01 8.333904893287088630e-15
7.600000000000000000e+01 8.316894152388366499e-15
7.700000000000000000e+01 8.298638859155673196e-15
7.800000000000000000e+01 8.279144473181796161e-15
7.900000000000000000e+01 8.258417041112507201e-15
8.000000000000000000e+01 8.236462727004178471e-15
8.100000000000000000e+01 8.213288340671467451e-15
8.200000000000000000e+01 8.188900633223732241e-15
8.300000000000000000e+01 8.163307060233918806e-15
8.400000000000000000e+01 8.136515370801462143e-15
8.500000000000000000e+01 8.108533783668193892e-15
8.600000000000000000e+01 8.079370224049445620e-15
8.700000000000000000e+01 8.049034143498320243e-15
8.800000000000000000e+01 8.017534230399036581e-15
8.900000000000000000e+01 7.984880405947086306e-15
9.000000000000000000e+01 7.951082180400870139e-15
9.100000000000000000e+01 7.916149885892973860e-15
9.200000000000000000e+01 7.880093913261279474e-15
9.300000000000000000e+01 7.842925533923151852e-15
9.400000000000000000e+01 7.804655608358861757e-15
9.500000000000000000e+01 7.765295936333463776e-15
9.600000000000000000e+01 7.724858376317308725e-15
9.700000000000000000e+01 7.683354845486048381e-15
9.800000000000000000e+01 7.640798435121309568e-15
9.900000000000000000e+01 7.597201590746432201e-15
1.000000000000000000e+02 7.552577521053637140e-15
1.010000000000000000e+02 7.506939845672242503e-15
1.020000000000000000e+02 7.460302301642160443e-15
1.030000000000000000e+02 7.412679154350991254e-15
1.040000000000000000e+02 7.364084493070441811e-15
1.050000000000000000e+02 7.314533346356996504e-15
1.060000000000000000e+02 7.264040507945946921e-15
1.070000000000000000e+02 7.212621182509675603e-15
1.080000000000000000e+02 7.160291161773549457e-15
1.090000000000000000e+02 7.107066237462941702e-15
1.100000000000000000e+02 7.052962377419115818e-15
1.110000000000000000e+02 6.997995843009832991e-15
1.120000000000000000e+02 6.942183658771736927e-15
1.130000000000000000e+02 6.885542555714977568e-15
1.140000000000000000e+02 6.828089675786795809e-15
1.150000000000000000e+02 6.769842454460927884e-15
1.160000000000000000e+02 6.710818209800511258e-15
1.170000000000000000e+02 6.651035375269360640e-15
1.180000000000000000e+02 6.590511738573003831e-15
1.190000000000000000e+02 6.529265791880554134e-15
1.200000000000000000e+02 6.467315851245228278e-15
1.210000000000000000e+02 6.404680878478529112e-15
1.220000000000000000e+02 6.341379894097260446e-15
1.230000000000000000e+02 6.277432094734119504e-15
1.240000000000000000e+02 6.212856735727103687e-15
1.250000000000000000e+02 6.147673659467197917e-15
1.260000000000000000e+02 6.081902121292400381e-15
1.270000000000000000e+02 6.015562726762579309e-15
1.280000000000000000e+02 5.948675494384616196e-15
1.290000000000000000e+02 5.881260207844196581e-15
1.300000000000000000e+02 5.813337766227684822e-15
1.310000000000000000e+02 5.744928657684351170e-15
1.320000000000000000e+02 5.676053781300559194e-15
1.330000000000000000e+02 5.606733860046775103e-15
1.340000000000000000e+02 5.536990145241154821e-15
1.350000000000000000e+02 5.466843653380659107e-15
1.360000000000000000e+02 5.396315694488740903e-15
1.370000000000000000e+02 5.325428341757739614e-15
1.380000000000000000e+02 5.254202024631627687e-15
1.390000000000000000e+02 5.182659051123938904e-15
1.400000000000000000e+02 5.110821142195217949e-15
1.410000000000000000e+02 5.038710077511310463e-15
1.420000000000000000e+02 4.966348047675151463e-15
1.430000000000000000e+02 4.893756421415494854e-15
1.440000000000000000e+02 4.820957858977666774e-15
1.450000000000000000e+02 4.747974492259302858e-15
1.460000000000000000e+02 4.674828042220950153e-15
1.470000000000000000e+02 4.601541403929129966e-15
1.480000000000000000e+02 4.528136239639088386e-15
1.490000000000000000e+02 4.454635503122645313e-15
1.500000000000000000e+02 4.381061326277438748e-15
1.510000000000000000e+02 4.307436017117000896e-15
1.520000000000000000e+02 4.233782118476061496e-15
1.530000000000000000e+02 4.160122114484050116e-15
1.540000000000000000e+02 4.086478489270395533e-15
1.550000000000000000e+02 4.012873316027437154e-15
1.560000000000000000e+02 3.939329607232293474e-15
1.570000000000000000e+02 3.865869436077302320e-15
1.580000000000000000e+02 3.792514875754802309e-15
1.590000000000000000e+02 3.719289114857808509e-15
1.600000000000000000e+02 3.646213991757463581e-15
1.610000000000000000e+02 3.573311520940808335e-15
1.620000000000000000e+02 3.500604656179661884e-15
1.630000000000000000e+02 3.428115001023972509e-15
1.640000000000000000e+02 3.355864980897871183e-15
1.650000000000000000e+02 3.283876434172501356e-15
1.660000000000000000e+02 3.212171551450798437e-15
1.670000000000000000e+02 3.140772171103906271e-15
1.680000000000000000e+02 3.069700190208266113e-15
1.690000000000000000e+02 2.998976742671437092e-15
1.700000000000000000e+02 2.928624195212250405e-15
1.710000000000000000e+02 2.858663799148861581e-15
1.720000000000000000e+02 2.789116805799426940e-15
1.730000000000000000e+02 2.720004290366205048e-15
1.740000000000000000e+02 2.651347797693845985e-15
1.750000000000000000e+02 2.583168285574010337e-15
1.760000000000000000e+02 2.515486242155970328e-15
1.770000000000000000e+02 2.448322683936686717e-15
1.780000000000000000e+02 2.381698099065430150e-15
1.790000000000000000e+02 2.315632564754381109e-15
1.800000000000000000e+02 2.250146803974006198e-15
1.810000000000000000e+02 2.185260482999394161e-15
1.820000000000000000e+02 2.120993679042725087e-15
1.830000000000000000e+02 2.057365764852593958e-15
1.840000000000000000e+02 1.994396289293491147e-15
1.850000000000000000e+02 1.932104683819311019e-15
1.860000000000000000e+02 1.870510145062751983e-15
1.870000000000000000e+02 1.809631282603524532e-15
1.880000000000000000e+02 1.749486588610741969e-15
1.890000000000000000e+02 1.690095142306505513e-15
1.900000000000000000e+02 1.631474261753952631e-15
1.910000000000000000e+02 1.573642556532794408e-15
1.920000000000000000e+02 1.516617462116766090e-15
1.930000000000000000e+02 1.460416472684901520e-15
1.940000000000000000e+02 1.405056847595040161e-15
1.950000000000000000e+02 1.350555670089124312e-15
1.960000000000000000e+02 1.296929612472005520e-15
1.970000000000000000e+02 1.244194818700846007e-15
1.980000000000000000e+02 1.192367843669899735e-15
1.990000000000000000e+02 1.141464185578042216e-15
2.000000000000000000e+02 1.091499870971838682e-15
2.010000000000000000e+02 1.042489987113073298e-15
2.020000000000000000e+02 9.944497386741282111e-16
2.030000000000000000e+02 9.473935084532022835e-16
2.040000000000000000e+02 9.013359727749889286e-16
2.050000000000000000e+02 8.562913383217910285e-16
2.060000000000000000e+02 8.122730486070271716e-16
2.070000000000000000e+02 7.692953103130003384e-16
2.080000000000000000e+02 7.273703928471538731e-16
2.090000000000000000e+02 6.865118571335042438e-16
2.100000000000000000e+02 6.467322074006897645e-16
2.110000000000000000e+02 6.080431847084650478e-16
2.120000000000000000e+02 5.704569997589746460e-16
2.130000000000000000e+02 5.339852174960766976e-16
2.140000000000000000e+02 4.986388745159403136e-16
2.150000000000000000e+02 4.644291248253322870e-16
2.160000000000000000e+02 4.313660070303426132e-16
2.170000000000000000e+02 3.994600880847502661e-16
2.180000000000000000e+02 3.687205260151637585e-16
2.190000000000000000e+02 3.391575942488681544e-16
2.200000000000000000e+02 3.107798637594842954e-16
2.210000000000000000e+02 2.835963751630230120e-16
2.220000000000000000e+02 2.576150536748185841e-16
2.230000000000000000e+02 2.328440593314003103e-16
2.240000000000000000e+02 2.092912586428037279e-16
2.250000000000000000e+02 1.869635201289851351e-16
2.260000000000000000e+02 1.658678297204984388e-16
2.270000000000000000e+02 1.460105862949098001e-16
2.280000000000000000e+02 1.273977777926939856e-16
2.290000000000000000e+02 1.100355095649232961e-16
2.300000000000000000e+02 9.392900638318847606e-17
2.310000000000000000e+02 7.908296467139127921e-17
2.320000000000000000e+02 6.550213955873226346e-17
2.330000000000000000e+02 5.319058171082670700e-17
2.340000000000000000e+02 4.215216567739357425e-17
2.350000000000000000e+02 3.239041377635920211e-17
2.360000000000000000e+02 2.390767421967446440e-17
2.370000000000000000e+02 1.670746932526570417e-17
2.380000000000000000e+02 1.079126672560222334e-17
2.390000000000000000e+02 6.161297222037362953e-18
2.400000000000000000e+02 2.818734920546568389e-18
2.410000000000000000e+02 7.648126324040548672e-19
2.420000000000000000e+02 0.000000000000000000e+00
2.430000000000000000e+02 5.247079604258092452e-19
2.440000000000000000e+02 2.338232050096216378e-18
2.450000000000000000e+02 5.440572269011221399e-18
2.460000000000000000e+02 9.830906742988012620e-18
2.470000000000000000e+02 1.550718078656956699e-17
2.480000000000000000e+02 2.246816158848166351e-17
2.490000000000000000e+02 3.071185316856604819e-17
2.500000000000000000e+02 4.023502673539025994e-17
2.510000000000000000e+02 5.103545148760094073e-17
2.520000000000000000e+02 6.310919417018036517e-17
2.530000000000000000e+02 7.645308469699483003e-17
2.540000000000000000e+02 9.106254405474011585e-17
2.550000000000000000e+02 1.069336389883984664e-16
2.560000000000000000e+02 1.240608511998853015e-16
2.570000000000000000e+02 1.424391907388050195e-16
2.580000000000000000e+02 1.620632860703199087e-16
2.590000000000000000e+02 1.829267089642144367e-16
2.600000000000000000e+02 2.050230311902730709e-16
2.610000000000000000e+02 2.283457658129814872e-16
2.620000000000000000e+02 2.528875746699931020e-16
2.630000000000000000e+02 2.786408260724675700e-16
2.640000000000000000e+02 3.055978296262657788e-16
2.650000000000000000e+02 3.337498969471693527e-16
2.660000000000000000e+02 3.630888092933502997e-16
2.670000000000000000e+02 3.936051738170049395e-16
2.680000000000000000e+02 4.252900086074212333e-16
2.690000000000000000e+02 4.581333337638078296e-16
2.700000000000000000e+02 4.921252280906723657e-16
2.710000000000000000e+02 5.272549485183392953e-16
2.720000000000000000e+02 5.635119867983286337e-16
2.730000000000000000e+02 6.008847779867821439e-16
2.740000000000000000e+02 6.393625790140244767e-16
2.750000000000000000e+02 6.789327682408197343e-16
2.760000000000000000e+02 7.195840742498035400e-16
2.770000000000000000e+02 7.613031709381546918e-16
2.780000000000000000e+02 8.040777301931310535e-16
2.790000000000000000e+02 8.478944259119112259e-16
2.800000000000000000e+02 8.927398732863752149e-16
2.810000000000000000e+02 9.386003939819089691e-16
2.820000000000000000e+02 9.854617226109112092e-16
2.830000000000000000e+02 1.033309593785779867e-15
2.840000000000000000e+02 1.082129507297718496e-15
2.850000000000000000e+02 1.131906317179643743e-15
2.860000000000000000e+02 1.182624583937978493e-15
2.870000000000000000e+02 1.234269102900340994e-15
2.880000000000000000e+02 1.286823847520166017e-15
2.890000000000000000e+02 1.340272791250889120e-15
2.900000000000000000e+02 1.394599437903555329e-15
2.910000000000000000e+02 1.449787173878611694e-15
2.920000000000000000e+02 1.505819033344713499e-15
2.930000000000000000e+02 1.562677874354619257e-15
2.940000000000000000e+02 1.620346378845190714e-15
2.950000000000000000e+02 1.678806993932095433e-15
2.960000000000000000e+02 1.738041520972714070e-15
2.970000000000000000e+02 1.798031878735024273e-15
2.980000000000000000e+02 1.858759633755212123e-15
2.990000000000000000e+02 1.920206646095956872e-15
3.000000000000000000e+02 1.982353601713962131e-15
3.010000000000000000e+02 2.045181714913621231e-15
3.020000000000000000e+02 2.108671612946339583e-15
3.030000000000000000e+02 2.172803981768820405e-15
3.040000000000000000e+02 2.237559389927170121e-15
3.050000000000000000e+02 2.302917642798611845e-15
3.060000000000000000e+02 2.368859015402757846e-15
3.070000000000000000e+02 2.435363019590335898e-15
3.080000000000000000e+02 2.502409989086258442e-15
3.090000000000000000e+02 2.569978789982966741e-15
3.100000000000000000e+02 2.638048934131189754e-15
3.110000000000000000e+02 2.706599581149862902e-15
3.120000000000000000e+02 2.775609831952623404e-15
3.130000000000000000e+02 2.845058904863706063e-15
3.140000000000000000e+02 2.914925313743760181e-15
3.150000000000000000e+02 2.985187455042837872e-15
3.160000000000000000e+02 3.055824312263978376e-15
3.170000000000000000e+02 3.126814281857233411e-15
3.180000000000000000e+02 3.198135525451459924e-15
3.190000000000000000e+02 3.269766204675514464e-15
3.200000000000000000e+02 3.341684598568851957e-15
3.210000000000000000e+02 3.413868692644431984e-15
3.220000000000000000e+02 3.486296472415215709e-15
3.230000000000000000e+02 3.558946158215358276e-15
3.240000000000000000e+02 3.631795031094234163e-15
3.250000000000000000e+02 3.704821370091298688e-15
3.260000000000000000e+02 3.778002691077122282e-15
3.270000000000000000e+02 3.851316509922274590e-15
3.280000000000000000e+02 3.924740870845014975e-15
3.290000000000000000e+02 3.998253113600016507e-15
3.300000000000000000e+02 4.071830812763149791e-15
3.310000000000000000e+02 4.145452012552673401e-15
3.320000000000000000e+02 4.219093759196766646e-15
3.330000000000000000e+02 4.292733627271299342e-15
3.340000000000000000e+02 4.366349543583933662e-15
3.350000000000000000e+02 4.439918965299939867e-15
3.360000000000000000e+02 4.513419584405784961e-15
3.370000000000000000e+02 4.586828681950844211e-15
3.380000000000000000e+02 4.660124360858675574e-15
3.390000000000000000e+02 4.733283784768057124e-15
3.400000000000000000e+02 4.806285526244936366e-15
3.410000000000000000e+02 4.879106631517493396e-15
3.420000000000000000e+02 4.951725144803987577e-15
3.430000000000000000e+02 5.024118875501483103e-15
3.440000000000000000e+02 5.096266337470629670e-15
3.450000000000000000e+02 5.168145281403192091e-15
3.460000000000000000e+02 5.239733751517429725e-15
3.470000000000000000e+02 5.311010026852796315e-15
3.480000000000000000e+02 5.381952327743448582e-15
3.490000000000000000e+02 5.452539520281827791e-15
3.500000000000000000e+02 5.522750000917985660e-15
3.510000000000000000e+02 5.592562342217870479e-15
3.520000000000000000e+02 5.661955234158028518e-15
3.530000000000000000e+02 5.730907777652096207e-15
3.540000000000000000e+02 5.799398897497814193e-15
3.550000000000000000e+02 5.867408105545911436e-15
3.560000000000000000e+02 5.934914854941817512e-15
3.570000000000000000e+02 6.001897894367377285e-15
3.580000000000000000e+02 6.068337674958098804e-15
3.590000000000000000e+02 6.134213825975308220e-15
3.600000000000000000e+02 6.199506035385631852e-15
