0.000000000000000000e+00 9.984382171643970683e-01
1.000000000000000000e+00 9.984382265044104976e-01
2.000000000000000000e+00 9.984382545217254101e-01
3.000000000000000000e+00 9.984383012081590181e-01
4.000000000000000000e+00 9.984383665500796701e-01
5.000000000000000000e+00 9.984384505284039646e-01
6.000000000000000000e+00 9.984385531186074081e-01
7.000000000000000000e+00 9.984386742907271906e-01
8.000000000000000000e+00 9.984388140093707342e-01
9.000000000000000000e+00 9.984389722337244644e-01
1.000000000000000000e+01 9.984391489175635792e-01
1.100000000000000000e+01 9.984393440092648175e-01
1.200000000000000000e+01 9.984395574518181160e-01
1.300000000000000000e+01 9.984397891828439286e-01
1.400000000000000000e+01 9.984400391346046622e-01
1.500000000000000000e+01 9.984403072340254370e-01
1.600000000000000000e+01 9.984405934027112961e-01
1.700000000000000000e+01 9.984408975569666334e-01
1.800000000000000000e+01 9.984412196078160662e-01
1.900000000000000000e+01 9.984415594610307476e-01
2.000000000000000000e+01 9.984419170171475733e-01
2.100000000000000000e+01 9.984422921714952714e-01
2.200000000000000000e+01 9.984426848142251565e-01
2.300000000000000000e+01 9.984430948303352205e-01
2.400000000000000000e+01 9.984435220996992211e-01
2.500000000000000000e+01 9.984439664971019868e-01
2.600000000000000000e+01 9.984444278922656180e-01
2.700000000000000000e+01 9.984449061498875677e-01
2.800000000000000000e+01 9.984454011296735043e-01
2.900000000000000000e+01 9.984459126863738376e-01
3.000000000000000000e+01 9.984464406698205785e-01
3.100000000000000000e+01 9.984469849249664186e-01
3.200000000000000000e+01 9.984475452919280292e-01
3.300000000000000000e+01 9.984481216060205888e-01
3.400000000000000000e+01 9.984487136978082988e-01
3.500000000000000000e+01 9.984493213931429079e-01
3.600000000000000000e+01 9.984499445132128947e-01
3.700000000000000000e+01 9.984505828745882106e-01
3.800000000000000000e+01 9.984512362892689064e-01
3.900000000000000000e+01 9.984519045647338720e-01
4.000000000000000000e+01 9.984525875039930165e-01
4.100000000000000000e+01 9.984532849056388937e-01
4.200000000000000000e+01 9.984539965638983272e-01
4.300000000000000000e+01 9.984547222686880330e-01
4.400000000000000000e+01 9.984554618056737940e-01
4.500000000000000000e+01 9.984562149563195321e-01
4.600000000000000000e+01 9.984569814979551428e-01
4.700000000000000000e+01 9.984577612038266770e-01
4.800000000000000000e+01 9.984585538431685059e-01
4.900000000000000000e+01 9.984593591812516156e-01
5.000000000000000000e+01 9.984601769794597681e-01
5.100000000000000000e+01 9.984610069953454570e-01
5.200000000000000000e+01 9.984618489827004062e-01
5.300000000000000000e+01 9.984627026916191861e-01
5.400000000000000000e+01 9.984635678685704896e-01
5.500000000000000000e+01 9.984644442564636346e-01
5.600000000000000000e+01 9.984653315947212837e-01
5.700000000000000000e+01 9.984662296193483888e-01
5.800000000000000000e+01 9.984671380630085746e-01
5.900000000000000000e+01 9.984680566550933056e-01
6.000000000000000000e+01 9.984689851218028211e-01
6.100000000000000000e+01 9.984699231862159685e-01
6.200000000000000000e+01 9.984708705683721375e-01
6.300000000000000000e+01 9.984718269853467554e-01
6.400000000000000000e+01 9.984727921513320004e-01
6.500000000000000000e+01 9.984737657777161823e-01
6.600000000000000000e+01 9.984747475731658994e-01
6.700000000000000000e+01 9.984757372437077505e-01
6.800000000000000000e+01 9.984767344928122679e-01
6.900000000000000000e+01 9.984777390214770731e-01
7.000000000000000000e+01 9.984787505283144737e-01
7.100000000000000000e+01 9.984797687096349517e-01
7.200000000000000000e+01 9.984807932595358704e-01
7.300000000000000000e+01 9.984818238699887383e-01
7.400000000000000000e+01 9.984828602309305801e-01
7.500000000000000000e+01 9.984839020303467594e-01
7.600000000000000000e+01 9.984849489543727863e-01
7.700000000000000000e+01 9.984860006873726990e-01
7.800000000000000000e+01 9.984870569120432027e-01
7.900000000000000000e+01 9.984881173094987128e-01
8.000000000000000000e+01 9.984891815593663900e-01
8.100000000000000000e+01 9.984902493398853940e-01
8.200000000000000000e+01 9.984913203279928151e-01
8.300000000000000000e+01 9.984923941994294783e-01
8.400000000000000000e+01 9.984934706288276507e-01
8.500000000000000000e+01 9.984945492898162911e-01
8.600000000000000000e+01 9.984956298551109777e-01
8.700000000000000000e+01 9.984967119966158267e-01
8.800000000000000000e+01 9.984977953855234123e-01
8.900000000000000000e+01 9.984988796924090249e-01
9.000000000000000000e+01 9.984999645873376961e-01
9.100000000000000000e+01 9.985002881776988692e-01
9.200000000000000000e+01 9.985002943693119803e-01
9.300000000000000000e+01 9.985003004168262475e-01
9.400000000000000000e+01 9.985003063128740086e-01
9.500000000000000000e+01 9.985003120502717877e-01
9.600000000000000000e+01 9.985003176220297316e-01
9.700000000000000000e+01 9.985003230213590486e-01
9.800000000000000000e+01 9.985003282416822223e-01
9.900000000000000000e+01 9.985003332766385631e-01
1.000000000000000000e+02 9.985003381200938666e-01
1.010000000000000000e+02 9.985003427661475195e-01
1.020000000000000000e+02 9.985003472091379395e-01
1.030000000000000000e+02 9.985003514436531225e-01
1.040000000000000000e+02 9.985003554645331958e-01
1.050000000000000000e+02 9.985003592668798555e-01
1.060000000000000000e+02 9.985003628460602521e-01
1.070000000000000000e+02 9.985003661977140954e-01
1.080000000000000000e+02 9.985003693177580963e-01
1.090000000000000000e+02 9.985003722023895190e-01
1.100000000000000000e+02 9.985003748480953956e-01
1.110000000000000000e+02 9.985003772516513054e-01
1.120000000000000000e+02 9.985003794101297014e-01
1.130000000000000000e+02 9.985003813209009094e-01
1.140000000000000000e+02 9.985003829816362364e-01
1.150000000000000000e+02 9.985003843903125231e-01
1.160000000000000000e+02 9.985003855452136978e-01
1.170000000000000000e+02 9.985003864449326638e-01
1.180000000000000000e+02 9.985003870883729649e-01
1.190000000000000000e+02 9.985003874747510055e-01
1.200000000000000000e+02 9.985003876035964954e-01
1.210000000000000000e+02 9.985003874747510055e-01
1.220000000000000000e+02 9.985003870883729649e-01
1.230000000000000000e+02 9.985003864449326638e-01
1.240000000000000000e+02 9.985003855452136978e-01
1.250000000000000000e+02 9.985003843903125231e-01
1.260000000000000000e+02 9.985003829816363474e-01
1.270000000000000000e+02 9.985003813209009094e-01
1.280000000000000000e+02 9.985003794101297014e-01
1.290000000000000000e+02 9.985003772516511944e-01
1.300000000000000000e+02 9.985003748480953956e-01
1.310000000000000000e+02 9.985003722023891859e-01
1.320000000000000000e+02 9.985003693177578743e-01
1.330000000000000000e+02 9.985003661977143175e-01
1.340000000000000000e+02 9.985003628460600300e-01
1.350000000000000000e+02 9.985003592668798555e-01
1.360000000000000000e+02 9.985003554645333068e-01
1.370000000000000000e+02 9.985003514436532335e-01
1.380000000000000000e+02 9.985003472091380505e-01
1.390000000000000000e+02 9.985003427661472974e-01
1.400000000000000000e+02 9.985003381200937556e-01
1.410000000000000000e+02 9.985003332766385631e-01
1.420000000000000000e+02 9.985003282416822223e-01
1.430000000000000000e+02 9.985003230213592706e-01
1.440000000000000000e+02 9.985003176220296206e-01
1.450000000000000000e+02 9.985003120502717877e-01
1.460000000000000000e+02 9.985003063128740086e-01
1.470000000000000000e+02 9.985003004168262475e-01
1.480000000000000000e+02 9.985002943693120914e-01
1.490000000000000000e+02 9.985002881776987582e-01
1.500000000000000000e+02 9.984999645873371410e-01
1.510000000000000000e+02 9.984737928711420185e-01
1.520000000000000000e+02 9.984476293846777928e-01
1.530000000000000000e+02 9.984214820972417970e-01
1.540000000000000000e+02 9.983953589729634981e-01
1.550000000000000000e+02 9.983692679683788818e-01
1.560000000000000000e+02 9.983432170300041708e-01
1.570000000000000000e+02 9.983172140919210902e-01
1.580000000000000000e+02 9.982912670733581351e-01
1.590000000000000000e+02 9.982653838762831633e-01
1.600000000000000000e+02 9.982395723829959877e-01
1.610000000000000000e+02 9.982138404537314047e-01
1.620000000000000000e+02 9.981881959242685509e-01
1.630000000000000000e+02 9.981626466035407041e-01
1.640000000000000000e+02 9.981372002712703972e-01
1.650000000000000000e+02 9.981118646755917645e-01
1.660000000000000000e+02 9.980866475307050845e-01
1.670000000000000000e+02 9.980615565145204426e-01
1.680000000000000000e+02 9.980365992663312591e-01
1.690000000000000000e+02 9.980117833844875941e-01
1.700000000000000000e+02 9.979871164240887715e-01
1.710000000000000000e+02 9.979626058946833300e-01
1.720000000000000000e+02 9.979382592579901790e-01
1.730000000000000000e+02 9.979140839256309681e-01
1.740000000000000000e+02 9.978900872568762237e-01
1.750000000000000000e+02 9.978662765564090265e-01
1.760000000000000000e+02 9.978426590721092282e-01
1.770000000000000000e+02 9.978192419928488821e-01
1.780000000000000000e+02 9.977960324463097663e-01
1.790000000000000000e+02 9.977730374968170057e-01
1.800000000000000000e+02 9.977502641432004493e-01
1.810000000000000000e+02 9.977277193166597113e-01
1.820000000000000000e+02 9.977054098786678482e-01
1.830000000000000000e+02 9.976833426188859155e-01
1.840000000000000000e+02 9.976615242531013950e-01
1.850000000000000000e+02 9.976399614211881595e-01
1.860000000000000000e+02 9.976186606850993011e-01
1.870000000000000000e+02 9.975976285268642885e-01
1.880000000000000000e+02 9.975768713466323101e-01
1.890000000000000000e+02 9.975563954607260531e-01
1.900000000000000000e+02 9.975362070997251251e-01
1.910000000000000000e+02 9.975163124065781206e-01
1.920000000000000000e+02 9.974967174347376675e-01
1.930000000000000000e+02 9.974774281463284487e-01
1.940000000000000000e+02 9.974584504103334304e-01
1.950000000000000000e+02 9.974397900008180606e-01
1.960000000000000000e+02 9.974214525951797805e-01
1.970000000000000000e+02 9.974034437724236257e-01
1.980000000000000000e+02 9.973857690114771302e-01
1.990000000000000000e+02 9.973684336895223268e-01
2.000000000000000000e+02 9.973514430803710473e-01
2.010000000000000000e+02 9.973348023528629813e-01
2.020000000000000000e+02 9.973185165693060350e-01
2.030000000000000000e+02 9.973025906839336763e-01
2.040000000000000000e+02 9.972870295414070219e-01
2.050000000000000000e+02 9.972718378753517854e-01
2.060000000000000000e+02 9.972570203069184291e-01
2.070000000000000000e+02 9.972425813433831721e-01
2.080000000000000000e+02 9.972285253767849689e-01
2.090000000000000000e+02 9.972148566825934646e-01
2.100000000000000000e+02 9.972015794184161397e-01
2.110000000000000000e+02 9.971886976227335442e-01
2.120000000000000000e+02 9.971762152136859347e-01
2.130000000000000000e+02 9.971641359878763433e-01
2.140000000000000000e+02 9.971524636192293789e-01
2.150000000000000000e+02 9.971412016578745652e-01
2.160000000000000000e+02 9.971303535290698683e-01
2.170000000000000000e+02 9.971199225321717430e-01
2.180000000000000000e+02 9.971099118396288263e-01
2.190000000000000000e+02 9.971003244960233713e-01
2.200000000000000000e+02 9.970911634171540916e-01
2.210000000000000000e+02 9.970824313891487600e-01
2.220000000000000000e+02 9.970741310676211056e-01
2.230000000000000000e+02 9.970662649768710084e-01
2.240000000000000000e+02 9.970588355091155597e-01
2.250000000000000000e+02 9.970518449237699699e-01
2.260000000000000000e+02 9.970452953467594526e-01
2.270000000000000000e+02 9.970391887698769606e-01
2.280000000000000000e+02 9.970335270501842206e-01
2.290000000000000000e+02 9.970283119094432989e-01
2.300000000000000000e+02 9.970235449336035671e-01
2.310000000000000000e+02 9.970192275723120945e-01
2.320000000000000000e+02 9.970153611384816594e-01
2.330000000000000000e+02 9.970119468078969538e-01
2.340000000000000000e+02 9.970089856188466548e-01
2.350000000000000000e+02 9.970064784718218887e-01
2.360000000000000000e+02 9.970044261292368981e-01
2.370000000000000000e+02 9.970028292151992266e-01
2.380000000000000000e+02 9.970016882153226456e-01
2.390000000000000000e+02 9.970010034765782736e-01
2.400000000000000000e+02 9.970007752071919915e-01
2.410000000000000000e+02 9.970010034765782736e-01
2.420000000000000000e+02 9.970016882153230897e-01
2.430000000000000000e+02 9.970028292151994487e-01
2.440000000000000000e+02 9.970044261292371202e-01
2.450000000000000000e+02 9.970064784718223327e-01
2.460000000000000000e+02 9.970089856188467659e-01
2.470000000000000000e+02 9.970119468078962877e-01
2.480000000000000000e+02 9.970153611384813264e-01
2.490000000000000000e+02 9.970192275723118724e-01
2.500000000000000000e+02 9.970235449336030120e-01
2.510000000000000000e+02 9.970283119094441870e-01
2.520000000000000000e+02 9.970335270501847758e-01
2.530000000000000000e+02 9.970391887698770716e-01
2.540000000000000000e+02 9.970452953467595636e-01
2.550000000000000000e+02 9.970518449237705250e-01
2.560000000000000000e+02 9.970588355091155597e-01
2.570000000000000000e+02 9.970662649768703423e-01
2.580000000000000000e+02 9.970741310676213276e-01
2.590000000000000000e+02 9.970824313891483159e-01
2.600000000000000000e+02 9.970911634171538696e-01
2.610000000000000000e+02 9.971003244960237044e-01
2.620000000000000000e+02 9.971099118396287153e-01
2.630000000000000000e+02 9.971199225321718540e-01
2.640000000000000000e+02 9.971303535290697573e-01
2.650000000000000000e+02 9.971412016578745652e-01
2.660000000000000000e+02 9.971524636192293789e-01
2.670000000000000000e+02 9.971641359878764543e-01
2.680000000000000000e+02 9.971762152136856017e-01
2.690000000000000000e+02 9.971886976227334332e-01
2.700000000000000000e+02 9.972015794184162507e-01
2.710000000000000000e+02 9.972148566825934646e-01
2.720000000000000000e+02 9.972285253767846358e-01
2.730000000000000000e+02 9.972425813433838382e-01
2.740000000000000000e+02 9.972570203069189843e-01
2.750000000000000000e+02 9.972718378753520074e-01
2.760000000000000000e+02 9.972870295414073549e-01
2.770000000000000000e+02 9.973025906839328991e-01
2.780000000000000000e+02 9.973185165693061460e-01
2.790000000000000000e+02 9.973348023528634254e-01
2.800000000000000000e+02 9.973514430803704922e-01
2.810000000000000000e+02 9.973684336895221048e-01
2.820000000000000000e+02 9.973857690114774632e-01
2.830000000000000000e+02 9.974034437724234037e-01
2.840000000000000000e+02 9.974214525951793364e-01
2.850000000000000000e+02 9.974397900008179496e-01
2.860000000000000000e+02 9.974584504103335414e-01
2.870000000000000000e+02 9.974774281463281156e-01
2.880000000000000000e+02 9.974967174347378895e-01
2.890000000000000000e+02 9.975163124065783427e-01
2.900000000000000000e+02 9.975362070997247921e-01
2.910000000000000000e+02 9.975563954607264971e-01
2.920000000000000000e+02 9.975768713466318660e-01
2.930000000000000000e+02 9.975976285268641774e-01
2.940000000000000000e+02 9.976186606850991900e-01
2.950000000000000000e+02 9.976399614211888256e-01
2.960000000000000000e+02 9.976615242531008398e-01
2.970000000000000000e+02 9.976833426188860265e-01
2.980000000000000000e+02 9.977054098786679592e-01
2.990000000000000000e+02 9.977277193166600444e-01
3.000000000000000000e+02 9.977502641432000052e-01
3.010000000000000000e+02 9.977730374968170057e-01
3.020000000000000000e+02 9.977960324463094333e-01
3.030000000000000000e+02 9.978192419928492152e-01
3.040000000000000000e+02 9.978426590721092282e-01
3.050000000000000000e+02 9.978662765564091375e-01
3.060000000000000000e+02 9.978900872568763347e-01
3.070000000000000000e+02 9.979140839256309681e-01
3.080000000000000000e+02 9.979382592579907341e-01
3.090000000000000000e+02 9.979626058946831080e-01
3.100000000000000000e+02 9.979871164240889936e-01
3.110000000000000000e+02 9.980117833844879272e-01
3.120000000000000000e+02 9.980365992663317032e-01
3.130000000000000000e+02 9.980615565145206647e-01
3.140000000000000000e+02 9.980866475307055286e-01
3.150000000000000000e+02 9.981118646755927637e-01
3.160000000000000000e+02 9.981372002712706193e-01
3.170000000000000000e+02 9.981626466035405931e-01
3.180000000000000000e+02 9.981881959242683289e-01
3.190000000000000000e+02 9.982138404537319598e-01
3.200000000000000000e+02 9.982395723829963208e-01
3.210000000000000000e+02 9.982653838762827192e-01
3.220000000000000000e+02 9.982912670733583571e-01
3.230000000000000000e+02 9.983172140919207571e-01
3.240000000000000000e+02 9.983432170300049480e-01
3.250000000000000000e+02 9.983692679683788818e-01
3.260000000000000000e+02 9.983953589729637201e-01
3.270000000000000000e+02 9.984214820972415749e-01
3.280000000000000000e+02 9.984475452919282512e-01
3.290000000000000000e+02 9.984469849249665296e-01
3.300000000000000000e+02 9.984464406698204675e-01
3.310000000000000000e+02 9.984459126863739487e-01
3.320000000000000000e+02 9.984454011296732823e-01
3.330000000000000000e+02 9.984449061498873457e-01
3.340000000000000000e+02 9.984444278922652849e-01
3.350000000000000000e+02 9.984439664971020978e-01
3.360000000000000000e+02 9.984435220996989990e-01
3.370000000000000000e+02 9.984430948303351094e-01
3.380000000000000000e+02 9.984426848142261557e-01
3.390000000000000000e+02 9.984422921714951604e-01
3.400000000000000000e+02 9.984419170171477953e-01
3.410000000000000000e+02 9.984415594610307476e-01
3.420000000000000000e+02 9.984412196078158441e-01
3.430000000000000000e+02 9.984408975569657452e-01
3.440000000000000000e+02 9.984405934027110741e-01
3.450000000000000000e+02 9.984403072340256591e-01
3.460000000000000000e+02 9.984400391346049952e-01
3.470000000000000000e+02 9.984397891828439286e-01
3.480000000000000000e+02 9.984395574518180050e-01
3.490000000000000000e+02 9.984393440092645955e-01
3.500000000000000000e+02 9.984391489175634682e-01
3.510000000000000000e+02 9.984389722337253525e-01
3.520000000000000000e+02 9.984388140093710673e-01
3.530000000000000000e+02 9.984386742907277457e-01
3.540000000000000000e+02 9.984385531186071860e-01
3.550000000000000000e+02 9.984384505284038536e-01
3.560000000000000000e+02 9.984383665500797811e-01
3.570000000000000000e+02 9.984383012081594622e-01
3.580000000000000000e+02 9.984382545217254101e-01
3.590000000000000000e+02 9.984382265044103866e-01
3.600000000000000000e+02 9.984382171643970683e-01
