0.000000000000000000e+00 9.985000703414022016e-01
1.000000000000000000e+00 9.985000640132344341e-01
2.000000000000000000e+00 9.985000578216216560e-01
3.000000000000000000e+00 9.985000517741076109e-01
4.000000000000000000e+00 9.985000458780602939e-01
5.000000000000000000e+00 9.985000401406620707e-01
6.000000000000000000e+00 9.985000345689042378e-01
7.000000000000000000e+00 9.985000291695742547e-01
8.000000000000000000e+00 9.985000239492513030e-01
9.000000000000000000e+00 9.985000189142948512e-01
1.000000000000000000e+01 9.985000140708397698e-01
1.100000000000000000e+01 9.985000094247868940e-01
1.200000000000000000e+01 9.985000049817959189e-01
1.300000000000000000e+01 9.985000007472808470e-01
1.400000000000000000e+01 9.984999967264002185e-01
1.500000000000000000e+01 9.984999929240534478e-01
1.600000000000000000e+01 9.984999893448734953e-01
1.700000000000000000e+01 9.984999859932196520e-01
1.800000000000000000e+01 9.984999828731759841e-01
1.900000000000000000e+01 9.984999799885441174e-01
2.000000000000000000e+01 9.984999773428385739e-01
2.100000000000000000e+01 9.984999749392825530e-01
2.200000000000000000e+01 9.984999727808034908e-01
2.300000000000000000e+01 9.984999708700330601e-01
2.400000000000000000e+01 9.984999692092975110e-01
2.500000000000000000e+01 9.984999678006213353e-01
2.600000000000000000e+01 9.984999666457198275e-01
2.700000000000000000e+01 9.984999657460010836e-01
2.800000000000000000e+01 9.984999651025606715e-01
2.900000000000000000e+01 9.984999647161827419e-01
3.000000000000000000e+01 9.984999645873373630e-01
3.100000000000000000e+01 9.984999647161828529e-01
3.200000000000000000e+01 9.984999651025605605e-01
3.300000000000000000e+01 9.984999657460011946e-01
3.400000000000000000e+01 9.984999666457198275e-01
3.500000000000000000e+01 9.984999678006212243e-01
3.600000000000000000e+01 9.984999692092974000e-01
3.700000000000000000e+01 9.984999708700328380e-01
3.800000000000000000e+01 9.984999727808034908e-01
3.900000000000000000e+01 9.984999749392823309e-01
4.000000000000000000e+01 9.984999773428385739e-01
4.100000000000000000e+01 9.984999799885441174e-01
4.200000000000000000e+01 9.984999828731762062e-01
4.300000000000000000e+01 9.984999859932194299e-01
4.400000000000000000e+01 9.984999893448736064e-01
4.500000000000000000e+01 9.984999929240535588e-01
4.600000000000000000e+01 9.984999967264003295e-01
4.700000000000000000e+01 9.985000007472805139e-01
4.800000000000000000e+01 9.985000049817960299e-01
4.900000000000000000e+01 9.985000094247865610e-01
5.000000000000000000e+01 9.985000140708397698e-01
5.100000000000000000e+01 9.985000189142949623e-01
5.200000000000000000e+01 9.985000239492514140e-01
5.300000000000000000e+01 9.985000291695741437e-01
5.400000000000000000e+01 9.985000345689042378e-01
5.500000000000000000e+01 9.985000401406619597e-01
5.600000000000000000e+01 9.985000458780602939e-01
5.700000000000000000e+01 9.985000517741076109e-01
5.800000000000000000e+01 9.985000578216217670e-01
5.900000000000000000e+01 9.985000640132344341e-01
6.000000000000000000e+01 9.985000703414022016e-01
6.100000000000000000e+01 9.985000767984150150e-01
6.200000000000000000e+01 9.985000833764055006e-01
6.300000000000000000e+01 9.985000900673601798e-01
6.400000000000000000e+01 9.985000968631267959e-01
6.500000000000000000e+01 9.985001037554261938e-01
6.600000000000000000e+01 9.985001107358606465e-01
6.700000000000000000e+01 9.985001177959255125e-01
6.800000000000000000e+01 9.985001249270191170e-01
6.900000000000000000e+01 9.985001321204540758e-01
7.000000000000000000e+01 9.985001393674656223e-01
7.100000000000000000e+01 9.985001466592247077e-01
7.200000000000000000e+01 9.985001539868467724e-01
7.300000000000000000e+01 9.985001613414056232e-01
7.400000000000000000e+01 9.985001687139397619e-01
7.500000000000000000e+01 9.985001760954667072e-01
7.600000000000000000e+01 9.985001834769939855e-01
7.700000000000000000e+01 9.985001908495281242e-01
7.800000000000000000e+01 9.985001982040861979e-01
7.900000000000000000e+01 9.985002055317088177e-01
8.000000000000000000e+01 9.985002128234677921e-01
8.100000000000000000e+01 9.985002200704797826e-01
8.200000000000000000e+01 9.985002272639140752e-01
8.300000000000000000e+01 9.985002343950081238e-01
8.400000000000000000e+01 9.985002414550734340e-01
8.500000000000000000e+01 9.985002484355074426e-01
8.600000000000000000e+01 9.985002553278069515e-01
8.700000000000000000e+01 9.985002621235731235e-01
8.800000000000000000e+01 9.985002688145281358e-01
8.900000000000000000e+01 9.985002753925188435e-01
9.000000000000000000e+01 9.985002818495312127e-01
9.100000000000000000e+01 9.985010497399562368e-01
9.200000000000000000e+01 9.985021348195989299e-01
9.300000000000000000e+01 9.985032194953868956e-01
9.400000000000000000e+01 9.985043034363304537e-01
9.500000000000000000e+01 9.985053863114274897e-01
9.600000000000000000e+01 9.985064677897682595e-01
9.700000000000000000e+01 9.985075475406383072e-01
9.800000000000000000e+01 9.985086252336150547e-01
9.900000000000000000e+01 9.985097005386800451e-01
1.000000000000000000e+02 9.985107731263103137e-01
1.010000000000000000e+02 9.985118426675902992e-01
1.020000000000000000e+02 9.985129088343094317e-01
1.030000000000000000e+02 9.985139712990668270e-01
1.040000000000000000e+02 9.985150297353752036e-01
1.050000000000000000e+02 9.985160838177615794e-01
1.060000000000000000e+02 9.985171332218721885e-01
1.070000000000000000e+02 9.985181776245737328e-01
1.080000000000000000e+02 9.985192167040568556e-01
1.090000000000000000e+02 9.985202501399393915e-01
1.100000000000000000e+02 9.985212776133659540e-01
1.110000000000000000e+02 9.985222988071142947e-01
1.120000000000000000e+02 9.985233134056908932e-01
1.130000000000000000e+02 9.985243210954416471e-01
1.140000000000000000e+02 9.985253215646435754e-01
1.150000000000000000e+02 9.985263145036086252e-01
1.160000000000000000e+02 9.985272996047889205e-01
1.170000000000000000e+02 9.985282765628693546e-01
1.180000000000000000e+02 9.985292450748722848e-01
1.190000000000000000e+02 9.985302048402544539e-01
1.200000000000000000e+02 9.985311555610031364e-01
1.210000000000000000e+02 9.985320969417376125e-01
1.220000000000000000e+02 9.985330286898042029e-01
1.230000000000000000e+02 9.985339505153730810e-01
1.240000000000000000e+02 9.985348621315337514e-01
1.250000000000000000e+02 9.985357632543894191e-01
1.260000000000000000e+02 9.985366536031513585e-01
1.270000000000000000e+02 9.985375329002317280e-01
1.280000000000000000e+02 9.985384008713390491e-01
1.290000000000000000e+02 9.985392572455636939e-01
1.300000000000000000e+02 9.985401017554726977e-01
1.310000000000000000e+02 9.985409341371980219e-01
1.320000000000000000e+02 9.985417541305269262e-01
1.330000000000000000e+02 9.985425614789850135e-01
1.340000000000000000e+02 9.985433559299252693e-01
1.350000000000000000e+02 9.985441372346146593e-01
1.360000000000000000e+02 9.985449051483157312e-01
1.370000000000000000e+02 9.985456594303684374e-01
1.380000000000000000e+02 9.985463998442764000e-01
1.390000000000000000e+02 9.985471261577807400e-01
1.400000000000000000e+02 9.985478381429440109e-01
1.410000000000000000e+02 9.985485355762262483e-01
1.420000000000000000e+02 9.985492182385602433e-01
1.430000000000000000e+02 9.985498859154297024e-01
1.440000000000000000e+02 9.985505383969346394e-01
1.450000000000000000e+02 9.985511754778725324e-01
1.460000000000000000e+02 9.985517969578062702e-01
1.470000000000000000e+02 9.985524026411265464e-01
1.480000000000000000e+02 9.985523008204438833e-01
1.490000000000000000e+02 9.985261365612227991e-01
1.500000000000000000e+02 9.985002818495313237e-01
1.510000000000000000e+02 9.985002753925188435e-01
1.520000000000000000e+02 9.985002688145281358e-01
1.530000000000000000e+02 9.985002621235732345e-01
1.540000000000000000e+02 9.985002553278069515e-01
1.550000000000000000e+02 9.985002484355073316e-01
1.560000000000000000e+02 9.985002414550736560e-01
1.570000000000000000e+02 9.985002343950081238e-01
1.580000000000000000e+02 9.985002272639142973e-01
1.590000000000000000e+02 9.985002200704797826e-01
1.600000000000000000e+02 9.985002128234677921e-01
1.610000000000000000e+02 9.985002055317088177e-01
1.620000000000000000e+02 9.985001982040861979e-01
1.630000000000000000e+02 9.985001908495281242e-01
1.640000000000000000e+02 9.985001834769938744e-01
1.650000000000000000e+02 9.985001760954665961e-01
1.660000000000000000e+02 9.985001687139396509e-01
1.670000000000000000e+02 9.985001613414057342e-01
1.680000000000000000e+02 9.985001539868466613e-01
1.690000000000000000e+02 9.985001466592245967e-01
1.700000000000000000e+02 9.985001393674657333e-01
1.710000000000000000e+02 9.985001321204539648e-01
1.720000000000000000e+02 9.985001249270191170e-01
1.730000000000000000e+02 9.985001177959255125e-01
1.740000000000000000e+02 9.985001107358606465e-01
1.750000000000000000e+02 9.985001037554261938e-01
1.760000000000000000e+02 9.985000968631267959e-01
1.770000000000000000e+02 9.985000900673601798e-01
1.780000000000000000e+02 9.985000833764056116e-01
1.790000000000000000e+02 9.985000767984150150e-01
1.800000000000000000e+02 9.985000703414024237e-01
1.810000000000000000e+02 9.985000640132344341e-01
1.820000000000000000e+02 9.985000578216216560e-01
1.830000000000000000e+02 9.985000517741074999e-01
1.840000000000000000e+02 9.985000458780602939e-01
1.850000000000000000e+02 9.985000401406619597e-01
1.860000000000000000e+02 9.985000345689041268e-01
1.870000000000000000e+02 9.985000291695741437e-01
1.880000000000000000e+02 9.985000239492514140e-01
1.890000000000000000e+02 9.985000189142948512e-01
1.900000000000000000e+02 9.985000140708398808e-01
1.910000000000000000e+02 9.985000094247868940e-01
1.920000000000000000e+02 9.985000049817958079e-01
1.930000000000000000e+02 9.985000007472808470e-01
1.940000000000000000e+02 9.984999967264002185e-01
1.950000000000000000e+02 9.984999929240534478e-01
1.960000000000000000e+02 9.984999893448736064e-01
1.970000000000000000e+02 9.984999859932195410e-01
1.980000000000000000e+02 9.984999828731759841e-01
1.990000000000000000e+02 9.984999799885441174e-01
2.000000000000000000e+02 9.984999773428384628e-01
2.010000000000000000e+02 9.984999749392825530e-01
2.020000000000000000e+02 9.984999727808033798e-01
2.030000000000000000e+02 9.984999708700331711e-01
2.040000000000000000e+02 9.984999692092975110e-01
2.050000000000000000e+02 9.984999678006213353e-01
2.060000000000000000e+02 9.984999666457197165e-01
2.070000000000000000e+02 9.984999657460010836e-01
2.080000000000000000e+02 9.984999651025606715e-01
2.090000000000000000e+02 9.984999647161828529e-01
2.100000000000000000e+02 9.984999645873370300e-01
2.110000000000000000e+02 9.984999647161827419e-01
2.120000000000000000e+02 9.984999651025606715e-01
2.130000000000000000e+02 9.984999657460010836e-01
2.140000000000000000e+02 9.984999666457198275e-01
2.150000000000000000e+02 9.984999678006213353e-01
2.160000000000000000e+02 9.984999692092975110e-01
2.170000000000000000e+02 9.984999708700330601e-01
2.180000000000000000e+02 9.984999727808036019e-01
2.190000000000000000e+02 9.984999749392825530e-01
2.200000000000000000e+02 9.984999773428385739e-01
2.210000000000000000e+02 9.984999799885441174e-01
2.220000000000000000e+02 9.984999828731759841e-01
2.230000000000000000e+02 9.984999859932195410e-01
2.240000000000000000e+02 9.984999893448736064e-01
2.250000000000000000e+02 9.984999929240534478e-01
2.260000000000000000e+02 9.984999967264002185e-01
2.270000000000000000e+02 9.985000007472805139e-01
2.280000000000000000e+02 9.985000049817959189e-01
2.290000000000000000e+02 9.985000094247868940e-01
2.300000000000000000e+02 9.985000140708398808e-01
2.310000000000000000e+02 9.985000189142948512e-01
2.320000000000000000e+02 9.985000239492513030e-01
2.330000000000000000e+02 9.985000291695743657e-01
2.340000000000000000e+02 9.985000345689041268e-01
2.350000000000000000e+02 9.985000401406619597e-01
2.360000000000000000e+02 9.985000458780602939e-01
2.370000000000000000e+02 9.985000517741074999e-01
2.380000000000000000e+02 9.985000578216216560e-01
2.390000000000000000e+02 9.985000640132344341e-01
2.400000000000000000e+02 9.985000703414022016e-01
2.410000000000000000e+02 9.985000767984150150e-01
2.420000000000000000e+02 9.985000833764055006e-01
2.430000000000000000e+02 9.985000900673604018e-01
2.440000000000000000e+02 9.985000968631269069e-01
2.450000000000000000e+02 9.985001037554261938e-01
2.460000000000000000e+02 9.985001107358607575e-01
2.470000000000000000e+02 9.985001177959255125e-01
2.480000000000000000e+02 9.985001249270190060e-01
2.490000000000000000e+02 9.985001321204539648e-01
2.500000000000000000e+02 9.985001393674656223e-01
2.510000000000000000e+02 9.985001466592247077e-01
2.520000000000000000e+02 9.985001539868467724e-01
2.530000000000000000e+02 9.985001613414057342e-01
2.540000000000000000e+02 9.985001687139396509e-01
2.550000000000000000e+02 9.985001760954668182e-01
2.560000000000000000e+02 9.985001834769938744e-01
2.570000000000000000e+02 9.985001908495281242e-01
2.580000000000000000e+02 9.985001982040863089e-01
2.590000000000000000e+02 9.985002055317088177e-01
2.600000000000000000e+02 9.985002128234677921e-01
2.610000000000000000e+02 9.985002200704798936e-01
2.620000000000000000e+02 9.985002272639141863e-01
2.630000000000000000e+02 9.985002343950080128e-01
2.640000000000000000e+02 9.985002414550735450e-01
2.650000000000000000e+02 9.985002484355075536e-01
2.660000000000000000e+02 9.985002553278070625e-01
2.670000000000000000e+02 9.985002621235732345e-01
2.680000000000000000e+02 9.985002688145281358e-01
2.690000000000000000e+02 9.985002753925188435e-01
2.700000000000000000e+02 9.984999645873376961e-01
2.710000000000000000e+02 9.984988796924094689e-01
2.720000000000000000e+02 9.984977953855237454e-01
2.730000000000000000e+02 9.984967119966157156e-01
2.740000000000000000e+02 9.984956298551109777e-01
2.750000000000000000e+02 9.984945492898167352e-01
2.760000000000000000e+02 9.984934706288278727e-01
2.770000000000000000e+02 9.984923941994289232e-01
2.780000000000000000e+02 9.984913203279922600e-01
2.790000000000000000e+02 9.984902493398855050e-01
2.800000000000000000e+02 9.984891815593669451e-01
2.810000000000000000e+02 9.984881173094988238e-01
2.820000000000000000e+02 9.984870569120435357e-01
2.830000000000000000e+02 9.984860006873726990e-01
2.840000000000000000e+02 9.984849489543722312e-01
2.850000000000000000e+02 9.984839020303468704e-01
2.860000000000000000e+02 9.984828602309305801e-01
2.870000000000000000e+02 9.984818238699892934e-01
2.880000000000000000e+02 9.984807932595355373e-01
2.890000000000000000e+02 9.984797687096350627e-01
2.900000000000000000e+02 9.984787505283142517e-01
2.910000000000000000e+02 9.984777390214776283e-01
2.920000000000000000e+02 9.984767344928113797e-01
2.930000000000000000e+02 9.984757372437068623e-01
2.940000000000000000e+02 9.984747475731658994e-01
2.950000000000000000e+02 9.984737657777164044e-01
2.960000000000000000e+02 9.984727921513322224e-01
2.970000000000000000e+02 9.984718269853468664e-01
2.980000000000000000e+02 9.984708705683718044e-01
2.990000000000000000e+02 9.984699231862161906e-01
3.000000000000000000e+02 9.984689851218028211e-01
3.010000000000000000e+02 9.984680566550930836e-01
3.020000000000000000e+02 9.984671380630084636e-01
3.030000000000000000e+02 9.984662296193481668e-01
3.040000000000000000e+02 9.984653315947216168e-01
3.050000000000000000e+02 9.984644442564639677e-01
3.060000000000000000e+02 9.984635678685707116e-01
3.070000000000000000e+02 9.984627026916194081e-01
3.080000000000000000e+02 9.984618489827004062e-01
3.090000000000000000e+02 9.984610069953454570e-01
3.100000000000000000e+02 9.984601769794596571e-01
3.110000000000000000e+02 9.984593591812517266e-01
3.120000000000000000e+02 9.984585538431687279e-01
3.130000000000000000e+02 9.984577612038272321e-01
3.140000000000000000e+02 9.984569814979553648e-01
3.150000000000000000e+02 9.984562149563194211e-01
3.160000000000000000e+02 9.984554618056737940e-01
3.170000000000000000e+02 9.984547222686882550e-01
3.180000000000000000e+02 9.984539965638983272e-01
3.190000000000000000e+02 9.984532849056388937e-01
3.200000000000000000e+02 9.984525875039923504e-01
3.210000000000000000e+02 9.984519045647344271e-01
3.220000000000000000e+02 9.984512362892692394e-01
3.230000000000000000e+02 9.984505828745882106e-01
3.240000000000000000e+02 9.984499445132134499e-01
3.250000000000000000e+02 9.984493213931432409e-01
3.260000000000000000e+02 9.984487136978081878e-01
3.270000000000000000e+02 9.984481216060209219e-01
3.280000000000000000e+02 9.984476293846769046e-01
3.290000000000000000e+02 9.984737928711420185e-01
3.300000000000000000e+02 9.984999645873375851e-01
3.310000000000000000e+02 9.985002753925188435e-01
3.320000000000000000e+02 9.985002688145281358e-01
3.330000000000000000e+02 9.985002621235733455e-01
3.340000000000000000e+02 9.985002553278069515e-01
3.350000000000000000e+02 9.985002484355075536e-01
3.360000000000000000e+02 9.985002414550734340e-01
3.370000000000000000e+02 9.985002343950081238e-01
3.380000000000000000e+02 9.985002272639142973e-01
3.390000000000000000e+02 9.985002200704798936e-01
3.400000000000000000e+02 9.985002128234679031e-01
3.410000000000000000e+02 9.985002055317090397e-01
3.420000000000000000e+02 9.985001982040861979e-01
3.430000000000000000e+02 9.985001908495281242e-01
3.440000000000000000e+02 9.985001834769939855e-01
3.450000000000000000e+02 9.985001760954667072e-01
3.460000000000000000e+02 9.985001687139397619e-01
3.470000000000000000e+02 9.985001613414057342e-01
3.480000000000000000e+02 9.985001539868466613e-01
3.490000000000000000e+02 9.985001466592247077e-01
3.500000000000000000e+02 9.985001393674656223e-01
3.510000000000000000e+02 9.985001321204541869e-01
3.520000000000000000e+02 9.985001249270192281e-01
3.530000000000000000e+02 9.985001177959256236e-01
3.540000000000000000e+02 9.985001107358606465e-01
3.550000000000000000e+02 9.985001037554261938e-01
3.560000000000000000e+02 9.985000968631269069e-01
3.570000000000000000e+02 9.985000900673601798e-01
3.580000000000000000e+02 9.985000833764055006e-01
3.590000000000000000e+02 9.985000767984150150e-01
3.600000000000000000e+02 9.985000703414022016e-01
