0.000000000000000000e+00 9.992498765396045091e-01
1.000000000000000000e+00 9.992724342801696524e-01
2.000000000000000000e+00 9.992947568741431530e-01
3.000000000000000000e+00 9.993168375158342220e-01
4.000000000000000000e+00 9.993386694731526410e-01
5.000000000000000000e+00 9.993602460896632289e-01
6.000000000000000000e+00 9.993815607866215478e-01
7.000000000000000000e+00 9.994026070649868476e-01
8.000000000000000000e+00 9.994233785074059240e-01
9.000000000000000000e+00 9.994438687801820986e-01
1.000000000000000000e+01 9.994640716352063414e-01
1.100000000000000000e+01 9.994839809118717389e-01
1.200000000000000000e+01 9.995035905389564324e-01
1.300000000000000000e+01 9.995228945364826867e-01
1.400000000000000000e+01 9.995418870175458714e-01
1.500000000000000000e+01 9.995605621901154647e-01
1.600000000000000000e+01 9.995789143588081904e-01
1.700000000000000000e+01 9.995969379266324006e-01
1.800000000000000000e+01 9.996146273966957096e-01
1.900000000000000000e+01 9.996319773738958636e-01
2.000000000000000000e+01 9.996489825665660911e-01
2.100000000000000000e+01 9.996656377880958066e-01
2.200000000000000000e+01 9.996819379585224485e-01
2.300000000000000000e+01 9.996978781060834596e-01
2.400000000000000000e+01 9.997134533687394020e-01
2.500000000000000000e+01 9.997286589956630998e-01
2.600000000000000000e+01 9.997434903486948077e-01
2.700000000000000000e+01 9.997579429037630749e-01
2.800000000000000000e+01 9.997720122522709696e-01
2.900000000000000000e+01 9.997856941024437782e-01
3.000000000000000000e+01 9.997989842806471739e-01
3.100000000000000000e+01 9.998118787326645274e-01
3.200000000000000000e+01 9.998243735249376929e-01
3.300000000000000000e+01 9.998364648457758186e-01
3.400000000000000000e+01 9.998481490065178612e-01
3.500000000000000000e+01 9.998594224426690102e-01
3.600000000000000000e+01 9.998702817149889288e-01
3.700000000000000000e+01 9.998807235105460212e-01
3.800000000000000000e+01 9.998907446437365065e-01
3.900000000000000000e+01 9.999003420572534218e-01
4.000000000000000000e+01 9.999095128230337526e-01
4.100000000000000000e+01 9.999182541431453908e-01
4.200000000000000000e+01 9.999265633506553286e-01
4.300000000000000000e+01 9.999344379104347924e-01
4.400000000000000000e+01 9.999418754199510539e-01
4.500000000000000000e+01 9.999488736099895192e-01
4.600000000000000000e+01 9.999554303453617177e-01
4.700000000000000000e+01 9.999615436255505641e-01
4.800000000000000000e+01 9.999672115853309728e-01
4.900000000000000000e+01 9.999724324953344068e-01
5.000000000000000000e+01 9.999772047625868909e-01
5.100000000000000000e+01 9.999815269309912935e-01
5.200000000000000000e+01 9.999853976817780765e-01
5.300000000000000000e+01 9.999888158339050870e-01
5.400000000000000000e+01 9.999917803444245967e-01
5.500000000000000000e+01 9.999942903088029356e-01
5.600000000000000000e+01 9.999963449611896094e-01
5.700000000000000000e+01 9.999979436746651018e-01
5.800000000000000000e+01 9.999990859614230621e-01
5.900000000000000000e+01 9.999997714729235154e-01
6.000000000000000000e+01 1.000000000000000000e+00
6.100000000000000000e+01 9.999997714729232934e-01
6.200000000000000000e+01 9.999990859614229510e-01
6.300000000000000000e+01 9.999979436746649908e-01
6.400000000000000000e+01 9.999963449611896094e-01
6.500000000000000000e+01 9.999942903088028245e-01
6.600000000000000000e+01 9.999917803444252629e-01
6.700000000000000000e+01 9.999888158339050870e-01
6.800000000000000000e+01 9.999853976817778545e-01
6.900000000000000000e+01 9.999815269309915156e-01
7.000000000000000000e+01 9.999772047625871130e-01
7.100000000000000000e+01 9.999724324953348509e-01
7.200000000000000000e+01 9.999672115853309728e-01
7.300000000000000000e+01 9.999615436255507861e-01
7.400000000000000000e+01 9.999554303453617177e-01
7.500000000000000000e+01 9.999488736099897412e-01
7.600000000000000000e+01 9.999418754199506099e-01
7.700000000000000000e+01 9.999344379104349034e-01
7.800000000000000000e+01 9.999265633506549955e-01
7.900000000000000000e+01 9.999182541431455018e-01
8.000000000000000000e+01 9.999095128230336416e-01
8.100000000000000000e+01 9.999003420572533107e-01
8.200000000000000000e+01 9.998907446437359514e-01
8.300000000000000000e+01 9.998807235105469093e-01
8.400000000000000000e+01 9.998702817149889288e-01
8.500000000000000000e+01 9.998594224426694543e-01
8.600000000000000000e+01 9.998481490065174171e-01
8.700000000000000000e+01 9.998364648457752635e-01
8.800000000000000000e+01 9.998243735249382480e-01
8.900000000000000000e+01 9.998118787326644163e-01
9.000000000000000000e+01 9.997989842806472849e-01
9.100000000000000000e+01 9.997856941024442223e-01
9.200000000000000000e+01 9.997720122522710806e-01
9.300000000000000000e+01 9.997579429037629639e-01
9.400000000000000000e+01 9.997434903486949187e-01
9.500000000000000000e+01 9.997286589956632108e-01
9.600000000000000000e+01 9.997134533687397351e-01
9.700000000000000000e+01 9.996978781060835706e-01
9.800000000000000000e+01 9.996819379585221155e-01
9.900000000000000000e+01 9.996656377880959177e-01
1.000000000000000000e+02 9.996489825665650919e-01
1.010000000000000000e+02 9.996319773738957526e-01
1.020000000000000000e+02 9.996146273966957096e-01
1.030000000000000000e+02 9.995969379266321786e-01
1.040000000000000000e+02 9.995789143588081904e-01
1.050000000000000000e+02 9.995605621901151316e-01
1.060000000000000000e+02 9.995418870175456494e-01
1.070000000000000000e+02 9.995228945364823536e-01
1.080000000000000000e+02 9.995035905389566544e-01
1.090000000000000000e+02 9.994839809118717389e-01
1.100000000000000000e+02 9.994640716352063414e-01
1.110000000000000000e+02 9.994438687801819876e-01
1.120000000000000000e+02 9.994233785074059240e-01
1.130000000000000000e+02 9.994026070649859594e-01
1.140000000000000000e+02 9.993815607866212147e-01
1.150000000000000000e+02 9.993602460896634510e-01
1.160000000000000000e+02 9.993386694731527520e-01
1.170000000000000000e+02 9.993168375158344441e-01
1.180000000000000000e+02 9.992947568741428199e-01
1.190000000000000000e+02 9.992724342801698745e-01
1.200000000000000000e+02 9.992498765396046201e-01
1.210000000000000000e+02 9.992270905296517514e-01
1.220000000000000000e+02 9.992040831969341008e-01
1.230000000000000000e+02 9.991808615553661177e-01
1.240000000000000000e+02 9.991574326840100273e-01
1.250000000000000000e+02 9.991338037249148929e-01
1.260000000000000000e+02 9.991099818809322519e-01
1.270000000000000000e+02 9.990859744135170972e-01
1.280000000000000000e+02 9.990617886405126491e-01
1.290000000000000000e+02 9.990374319339068165e-01
1.300000000000000000e+02 9.990129117175903239e-01
1.310000000000000000e+02 9.989882354650840846e-01
1.320000000000000000e+02 9.989634106972596905e-01
1.330000000000000000e+02 9.989384449800408072e-01
1.340000000000000000e+02 9.989133459220949085e-01
1.350000000000000000e+02 9.988881211725153531e-01
1.360000000000000000e+02 9.988627784184762604e-01
1.370000000000000000e+02 9.988373253828980447e-01
1.380000000000000000e+02 9.988117698220834173e-01
1.390000000000000000e+02 9.987861195233560530e-01
1.400000000000000000e+02 9.987603823026804939e-01
1.410000000000000000e+02 9.987345660022810545e-01
1.420000000000000000e+02 9.987086784882494017e-01
1.430000000000000000e+02 9.986827276481449189e-01
1.440000000000000000e+02 9.986567213885907401e-01
1.450000000000000000e+02 9.986306676328636778e-01
1.460000000000000000e+02 9.986045743184759349e-01
1.470000000000000000e+02 9.985784493947607032e-01
1.480000000000000000e+02 9.985529923371291305e-01
1.490000000000000000e+02 9.985535658600717124e-01
1.500000000000000000e+02 9.985541230292436232e-01
1.510000000000000000e+02 9.985546636690254552e-01
1.520000000000000000e+02 9.985551876089515666e-01
1.530000000000000000e+02 9.985556946837653713e-01
1.540000000000000000e+02 9.985561847334825103e-01
1.550000000000000000e+02 9.985566576034426989e-01
1.560000000000000000e+02 9.985571131443603532e-01
1.570000000000000000e+02 9.985575512123843200e-01
1.580000000000000000e+02 9.985579716691406205e-01
1.590000000000000000e+02 9.985583743817830760e-01
1.600000000000000000e+02 9.985587592230416032e-01
1.610000000000000000e+02 9.985591260712638473e-01
1.620000000000000000e+02 9.985594748104603680e-01
1.630000000000000000e+02 9.985598053303408328e-01
1.640000000000000000e+02 9.985601175263562057e-01
1.650000000000000000e+02 9.985604112997350512e-01
1.660000000000000000e+02 9.985606865575172852e-01
1.670000000000000000e+02 9.985609432125857055e-01
1.680000000000000000e+02 9.985611811836981877e-01
1.690000000000000000e+02 9.985614003955152196e-01
1.700000000000000000e+02 9.985616007786279891e-01
1.710000000000000000e+02 9.985617822695799228e-01
1.720000000000000000e+02 9.985619448108894458e-01
1.730000000000000000e+02 9.985620883510749612e-01
1.740000000000000000e+02 9.985622128446651757e-01
1.750000000000000000e+02 9.985623182522220809e-01
1.760000000000000000e+02 9.985624045403490578e-01
1.770000000000000000e+02 9.985624716817067537e-01
1.780000000000000000e+02 9.985625196550214078e-01
1.790000000000000000e+02 9.985625484450922906e-01
1.800000000000000000e+02 9.985625580427968107e-01
1.810000000000000000e+02 9.985625484450925127e-01
1.820000000000000000e+02 9.985625196550211857e-01
1.830000000000000000e+02 9.985624716817061985e-01
1.840000000000000000e+02 9.985624045403491689e-01
1.850000000000000000e+02 9.985623182522215258e-01
1.860000000000000000e+02 9.985622128446656198e-01
1.870000000000000000e+02 9.985620883510746282e-01
1.880000000000000000e+02 9.985619448108894458e-01
1.890000000000000000e+02 9.985617822695794787e-01
1.900000000000000000e+02 9.985616007786281001e-01
1.910000000000000000e+02 9.985614003955159967e-01
1.920000000000000000e+02 9.985611811836977436e-01
1.930000000000000000e+02 9.985609432125857055e-01
1.940000000000000000e+02 9.985606865575172852e-01
1.950000000000000000e+02 9.985604112997353843e-01
1.960000000000000000e+02 9.985601175263568718e-01
1.970000000000000000e+02 9.985598053303406108e-01
1.980000000000000000e+02 9.985594748104604790e-01
1.990000000000000000e+02 9.985591260712641803e-01
2.000000000000000000e+02 9.985587592230412701e-01
2.010000000000000000e+02 9.985583743817830760e-01
2.020000000000000000e+02 9.985579716691403984e-01
2.030000000000000000e+02 9.985575512123848752e-01
2.040000000000000000e+02 9.985571131443610193e-01
2.050000000000000000e+02 9.985566576034426989e-01
2.060000000000000000e+02 9.985561847334830654e-01
2.070000000000000000e+02 9.985556946837652603e-01
2.080000000000000000e+02 9.985551876089511225e-01
2.090000000000000000e+02 9.985546636690253441e-01
2.100000000000000000e+02 9.985541230292435122e-01
2.110000000000000000e+02 9.985535658600719344e-01
2.120000000000000000e+02 9.985529923371293526e-01
2.130000000000000000e+02 9.985524026411266574e-01
2.140000000000000000e+02 9.985517969578069364e-01
2.150000000000000000e+02 9.985511754778723104e-01
2.160000000000000000e+02 9.985505383969340842e-01
2.170000000000000000e+02 9.985498859154292584e-01
2.180000000000000000e+02 9.985492182385607984e-01
2.190000000000000000e+02 9.985485355762264703e-01
2.200000000000000000e+02 9.985478381429441219e-01
2.210000000000000000e+02 9.985471261577809621e-01
2.220000000000000000e+02 9.985463998442761779e-01
2.230000000000000000e+02 9.985456594303686595e-01
2.240000000000000000e+02 9.985449051483158422e-01
2.250000000000000000e+02 9.985441372346145483e-01
2.260000000000000000e+02 9.985433559299257134e-01
2.270000000000000000e+02 9.985425614789847915e-01
2.280000000000000000e+02 9.985417541305267042e-01
2.290000000000000000e+02 9.985409341371981329e-01
2.300000000000000000e+02 9.985401017554725867e-01
2.310000000000000000e+02 9.985392572455636939e-01
2.320000000000000000e+02 9.985384008713384940e-01
2.330000000000000000e+02 9.985375329002320610e-01
2.340000000000000000e+02 9.985366536031515805e-01
2.350000000000000000e+02 9.985357632543894191e-01
2.360000000000000000e+02 9.985348621315336404e-01
2.370000000000000000e+02 9.985339505153726369e-01
2.380000000000000000e+02 9.985330286898043139e-01
2.390000000000000000e+02 9.985320969417375014e-01
2.400000000000000000e+02 9.985311555610025813e-01
2.410000000000000000e+02 9.985302048402535657e-01
2.420000000000000000e+02 9.985292450748726178e-01
2.430000000000000000e+02 9.985282765628691326e-01
2.440000000000000000e+02 9.985272996047888094e-01
2.450000000000000000e+02 9.985263145036089583e-01
2.460000000000000000e+02 9.985253215646437974e-01
2.470000000000000000e+02 9.985243210954419801e-01
2.480000000000000000e+02 9.985233134056911153e-01
2.490000000000000000e+02 9.985222988071142947e-01
2.500000000000000000e+02 9.985212776133652879e-01
2.510000000000000000e+02 9.985202501399392805e-01
2.520000000000000000e+02 9.985192167040565225e-01
2.530000000000000000e+02 9.985181776245733998e-01
2.540000000000000000e+02 9.985171332218724105e-01
2.550000000000000000e+02 9.985160838177619125e-01
2.560000000000000000e+02 9.985150297353753146e-01
2.570000000000000000e+02 9.985139712990667160e-01
2.580000000000000000e+02 9.985129088343093207e-01
2.590000000000000000e+02 9.985118426675907433e-01
2.600000000000000000e+02 9.985107731263104247e-01
2.610000000000000000e+02 9.985097005386802671e-01
2.620000000000000000e+02 9.985086252336159429e-01
2.630000000000000000e+02 9.985075475406379741e-01
2.640000000000000000e+02 9.985064677897683705e-01
2.650000000000000000e+02 9.985053863114272676e-01
2.660000000000000000e+02 9.985043034363305647e-01
2.670000000000000000e+02 9.985032194953865625e-01
2.680000000000000000e+02 9.985021348195993740e-01
2.690000000000000000e+02 9.985010497399561258e-01
2.700000000000000000e+02 9.985002818495312127e-01
2.710000000000000000e+02 9.985002881776987582e-01
2.720000000000000000e+02 9.985002943693120914e-01
2.730000000000000000e+02 9.985003004168262475e-01
2.740000000000000000e+02 9.985003063128741196e-01
2.750000000000000000e+02 9.985003120502717877e-01
2.760000000000000000e+02 9.985003176220297316e-01
2.770000000000000000e+02 9.985003230213589376e-01
2.780000000000000000e+02 9.985003282416824444e-01
2.790000000000000000e+02 9.985003332766386741e-01
2.800000000000000000e+02 9.985003381200938666e-01
2.810000000000000000e+02 9.985003427661475195e-01
2.820000000000000000e+02 9.985003472091380505e-01
2.830000000000000000e+02 9.985003514436531225e-01
2.840000000000000000e+02 9.985003554645331958e-01
2.850000000000000000e+02 9.985003592668797445e-01
2.860000000000000000e+02 9.985003628460603631e-01
2.870000000000000000e+02 9.985003661977139844e-01
2.880000000000000000e+02 9.985003693177579853e-01
2.890000000000000000e+02 9.985003722023895190e-01
2.900000000000000000e+02 9.985003748480952845e-01
2.910000000000000000e+02 9.985003772516513054e-01
2.920000000000000000e+02 9.985003794101295904e-01
2.930000000000000000e+02 9.985003813209009094e-01
2.940000000000000000e+02 9.985003829816363474e-01
2.950000000000000000e+02 9.985003843903125231e-01
2.960000000000000000e+02 9.985003855452136978e-01
2.970000000000000000e+02 9.985003864449326638e-01
2.980000000000000000e+02 9.985003870883730759e-01
2.990000000000000000e+02 9.985003874747511166e-01
3.000000000000000000e+02 9.985003876035964954e-01
3.010000000000000000e+02 9.985003874747510055e-01
3.020000000000000000e+02 9.985003870883730759e-01
3.030000000000000000e+02 9.985003864449326638e-01
3.040000000000000000e+02 9.985003855452134758e-01
3.050000000000000000e+02 9.985003843903127452e-01
3.060000000000000000e+02 9.985003829816363474e-01
3.070000000000000000e+02 9.985003813209010204e-01
3.080000000000000000e+02 9.985003794101299235e-01
3.090000000000000000e+02 9.985003772516511944e-01
3.100000000000000000e+02 9.985003748480952845e-01
3.110000000000000000e+02 9.985003722023894079e-01
3.120000000000000000e+02 9.985003693177580963e-01
3.130000000000000000e+02 9.985003661977140954e-01
3.140000000000000000e+02 9.985003628460603631e-01
3.150000000000000000e+02 9.985003592668797445e-01
3.160000000000000000e+02 9.985003554645331958e-01
3.170000000000000000e+02 9.985003514436531225e-01
3.180000000000000000e+02 9.985003472091379395e-01
3.190000000000000000e+02 9.985003427661476305e-01
3.200000000000000000e+02 9.985003381200937556e-01
3.210000000000000000e+02 9.985003332766386741e-01
3.220000000000000000e+02 9.985003282416825554e-01
3.230000000000000000e+02 9.985003230213590486e-01
3.240000000000000000e+02 9.985003176220297316e-01
3.250000000000000000e+02 9.985003120502718987e-01
3.260000000000000000e+02 9.985003063128741196e-01
3.270000000000000000e+02 9.985003004168261365e-01
3.280000000000000000e+02 9.985002943693115363e-01
3.290000000000000000e+02 9.985002881776987582e-01
3.300000000000000000e+02 9.985002818495312127e-01
3.310000000000000000e+02 9.985261365612227991e-01
3.320000000000000000e+02 9.985523008204439943e-01
3.330000000000000000e+02 9.985784493947607032e-01
3.340000000000000000e+02 9.986045743184761569e-01
3.350000000000000000e+02 9.986306676328635668e-01
3.360000000000000000e+02 9.986567213885904071e-01
3.370000000000000000e+02 9.986827276481446969e-01
3.380000000000000000e+02 9.987086784882496238e-01
3.390000000000000000e+02 9.987345660022808325e-01
3.400000000000000000e+02 9.987603823026811600e-01
3.410000000000000000e+02 9.987861195233562750e-01
3.420000000000000000e+02 9.988117698220833063e-01
3.430000000000000000e+02 9.988373253828977116e-01
3.440000000000000000e+02 9.988627784184760383e-01
3.450000000000000000e+02 9.988881211725146869e-01
3.460000000000000000e+02 9.989133459220959077e-01
3.470000000000000000e+02 9.989384449800406962e-01
3.480000000000000000e+02 9.989634106972600236e-01
3.490000000000000000e+02 9.989882354650845286e-01
3.500000000000000000e+02 9.990129117175901019e-01
3.510000000000000000e+02 9.990374319339067055e-01
3.520000000000000000e+02 9.990617886405126491e-01
3.530000000000000000e+02 9.990859744135174303e-01
3.540000000000000000e+02 9.991099818809320299e-01
3.550000000000000000e+02 9.991338037249150039e-01
3.560000000000000000e+02 9.991574326840101383e-01
3.570000000000000000e+02 9.991808615553663397e-01
3.580000000000000000e+02 9.992040831969348780e-01
3.590000000000000000e+02 9.992270905296516403e-01
3.600000000000000000e+02 9.992498765396045091e-01
