0.000000000000000000e+00 9.985402277926349601e-01
1.000000000000000000e+00 9.985402217994967522e-01
2.000000000000000000e+00 9.985402159356834284e-01
3.000000000000000000e+00 9.985402102083402731e-01
4.000000000000000000e+00 9.985402046244445939e-01
5.000000000000000000e+00 9.985401991907988384e-01
6.000000000000000000e+00 9.985401939140238214e-01
7.000000000000000000e+00 9.985401888005488447e-01
8.000000000000000000e+00 9.985401838566031474e-01
9.000000000000000000e+00 9.985401790882096895e-01
1.000000000000000000e+01 9.985401745011797114e-01
1.100000000000000000e+01 9.985401701011000775e-01
1.200000000000000000e+01 9.985401658933330538e-01
1.300000000000000000e+01 9.985401618830037629e-01
1.400000000000000000e+01 9.985401580749991846e-01
1.500000000000000000e+01 9.985401544739583857e-01
1.600000000000000000e+01 9.985401510842687456e-01
1.700000000000000000e+01 9.985401479100600719e-01
1.800000000000000000e+01 9.985401449551998265e-01
1.900000000000000000e+01 9.985401422232879076e-01
2.000000000000000000e+01 9.985401397176524307e-01
2.100000000000000000e+01 9.985401374413466202e-01
2.200000000000000000e+01 9.985401353971435912e-01
2.300000000000000000e+01 9.985401335875334627e-01
2.400000000000000000e+01 9.985401320147222481e-01
2.500000000000000000e+01 9.985401306806245270e-01
2.600000000000000000e+01 9.985401295868668869e-01
2.700000000000000000e+01 9.985401287347812627e-01
2.800000000000000000e+01 9.985401281254064898e-01
2.900000000000000000e+01 9.985401277594838643e-01
3.000000000000000000e+01 9.985401276374602508e-01
3.100000000000000000e+01 9.985401277594840863e-01
3.200000000000000000e+01 9.985401281254064898e-01
3.300000000000000000e+01 9.985401287347812627e-01
3.400000000000000000e+01 9.985401295868666649e-01
3.500000000000000000e+01 9.985401306806245270e-01
3.600000000000000000e+01 9.985401320147221371e-01
3.700000000000000000e+01 9.985401335875337958e-01
3.800000000000000000e+01 9.985401353971434801e-01
3.900000000000000000e+01 9.985401374413466202e-01
4.000000000000000000e+01 9.985401397176523197e-01
4.100000000000000000e+01 9.985401422232880186e-01
4.200000000000000000e+01 9.985401449551998265e-01
4.300000000000000000e+01 9.985401479100599609e-01
4.400000000000000000e+01 9.985401510842686346e-01
4.500000000000000000e+01 9.985401544739582747e-01
4.600000000000000000e+01 9.985401580749989625e-01
4.700000000000000000e+01 9.985401618830037629e-01
4.800000000000000000e+01 9.985401658933330538e-01
4.900000000000000000e+01 9.985401701011000775e-01
5.000000000000000000e+01 9.985401745011798225e-01
5.100000000000000000e+01 9.985401790882095785e-01
5.200000000000000000e+01 9.985401838566030364e-01
5.300000000000000000e+01 9.985401888005488447e-01
5.400000000000000000e+01 9.985401939140237104e-01
5.500000000000000000e+01 9.985401991907989494e-01
5.600000000000000000e+01 9.985402046244443719e-01
5.700000000000000000e+01 9.985402102083403841e-01
5.800000000000000000e+01 9.985402159356833174e-01
5.900000000000000000e+01 9.985402217994966412e-01
6.000000000000000000e+01 9.985402277926349601e-01
6.100000000000000000e+01 9.985402339077970035e-01
6.200000000000000000e+01 9.985402401375322867e-01
6.300000000000000000e+01 9.985402464742502149e-01
6.400000000000000000e+01 9.985402529102320734e-01
6.500000000000000000e+01 9.985402594376352470e-01
6.600000000000000000e+01 9.985402660485076520e-01
6.700000000000000000e+01 9.985402727347948426e-01
6.800000000000000000e+01 9.985402794883502242e-01
6.900000000000000000e+01 9.985402863009462671e-01
7.000000000000000000e+01 9.985402931642827218e-01
7.100000000000000000e+01 9.985403000699969445e-01
7.200000000000000000e+01 9.985403070096765532e-01
7.300000000000000000e+01 9.985403139748658674e-01
7.400000000000000000e+01 9.985403209570793415e-01
7.500000000000000000e+01 9.985403279478093364e-01
7.600000000000000000e+01 9.985403349385398863e-01
7.700000000000000000e+01 9.985403419207533604e-01
7.800000000000000000e+01 9.985403488859424526e-01
7.900000000000000000e+01 9.985403558256220613e-01
8.000000000000000000e+01 9.985403627313368391e-01
8.100000000000000000e+01 9.985403695946732938e-01
8.200000000000000000e+01 9.985403764072692256e-01
8.300000000000000000e+01 9.985403831608249403e-01
8.400000000000000000e+01 9.985403898471117978e-01
8.500000000000000000e+01 9.985403964579837588e-01
8.600000000000000000e+01 9.985404029853873764e-01
8.700000000000000000e+01 9.985404094213689019e-01
8.800000000000000000e+01 9.985404157580873852e-01
8.900000000000000000e+01 9.985404219878223353e-01
9.000000000000000000e+01 9.985404281029840456e-01
9.100000000000000000e+01 9.985411553393302997e-01
9.200000000000000000e+01 9.985421829720887432e-01
9.300000000000000000e+01 9.985432102223732453e-01
9.400000000000000000e+01 9.985442367767179972e-01
9.500000000000000000e+01 9.985452623216443113e-01
9.600000000000000000e+01 9.985462865437629842e-01
9.700000000000000000e+01 9.985473091298663340e-01
9.800000000000000000e+01 9.985483297670283420e-01
9.900000000000000000e+01 9.985493481426992446e-01
1.000000000000000000e+02 9.985503639448041202e-01
1.010000000000000000e+02 9.985513768618400343e-01
1.020000000000000000e+02 9.985523865829729617e-01
1.030000000000000000e+02 9.985533927981351532e-01
1.040000000000000000e+02 9.985543951981247224e-01
1.050000000000000000e+02 9.985553934747003479e-01
1.060000000000000000e+02 9.985563873206799723e-01
1.070000000000000000e+02 9.985573764300377242e-01
1.080000000000000000e+02 9.985583604980023953e-01
1.090000000000000000e+02 9.985593392211522534e-01
1.100000000000000000e+02 9.985603122975148516e-01
1.110000000000000000e+02 9.985612794266598424e-01
1.120000000000000000e+02 9.985622403098002309e-01
1.130000000000000000e+02 9.985631946498846334e-01
1.140000000000000000e+02 9.985641421516938676e-01
1.150000000000000000e+02 9.985650825219373194e-01
1.160000000000000000e+02 9.985660154693477564e-01
1.170000000000000000e+02 9.985669407047744750e-01
1.180000000000000000e+02 9.985678579412812228e-01
1.190000000000000000e+02 9.985687668942351269e-01
1.200000000000000000e+02 9.985696672814012853e-01
1.210000000000000000e+02 9.985705588230385787e-01
1.220000000000000000e+02 9.985714412419858244e-01
1.230000000000000000e+02 9.985723142637568106e-01
1.240000000000000000e+02 9.985731776166321128e-01
1.250000000000000000e+02 9.985740310317443580e-01
1.260000000000000000e+02 9.985748742431717062e-01
1.270000000000000000e+02 9.985757069880218939e-01
1.280000000000000000e+02 9.985765290065243827e-01
1.290000000000000000e+02 9.985773400421115165e-01
1.300000000000000000e+02 9.985781398415117804e-01
1.310000000000000000e+02 9.985789281548248519e-01
1.320000000000000000e+02 9.985797047356151923e-01
1.330000000000000000e+02 9.985804693409858768e-01
1.340000000000000000e+02 9.985812217316660799e-01
1.350000000000000000e+02 9.985819616720927883e-01
1.360000000000000000e+02 9.985826889304827425e-01
1.370000000000000000e+02 9.985834032789194792e-01
1.380000000000000000e+02 9.985841044934250510e-01
1.390000000000000000e+02 9.985847923540397408e-01
1.400000000000000000e+02 9.985854666448923389e-01
1.410000000000000000e+02 9.985861271542771922e-01
1.420000000000000000e+02 9.985867736747268131e-01
1.430000000000000000e+02 9.985874060030780486e-01
1.440000000000000000e+02 9.985880239405470205e-01
1.450000000000000000e+02 9.985886272927958496e-01
1.460000000000000000e+02 9.985892158699953836e-01
1.470000000000000000e+02 9.985897894868954738e-01
1.480000000000000000e+02 9.985903479628875923e-01
1.490000000000000000e+02 9.985655990535061699e-01
1.500000000000000000e+02 9.985404281029840456e-01
1.510000000000000000e+02 9.985404219878223353e-01
1.520000000000000000e+02 9.985404157580872742e-01
1.530000000000000000e+02 9.985404094213686799e-01
1.540000000000000000e+02 9.985404029853871544e-01
1.550000000000000000e+02 9.985403964579837588e-01
1.560000000000000000e+02 9.985403898471119088e-01
1.570000000000000000e+02 9.985403831608247183e-01
1.580000000000000000e+02 9.985403764072691146e-01
1.590000000000000000e+02 9.985403695946732938e-01
1.600000000000000000e+02 9.985403627313370611e-01
1.610000000000000000e+02 9.985403558256221723e-01
1.620000000000000000e+02 9.985403488859422305e-01
1.630000000000000000e+02 9.985403419207533604e-01
1.640000000000000000e+02 9.985403349385399974e-01
1.650000000000000000e+02 9.985403279478094474e-01
1.660000000000000000e+02 9.985403209570791194e-01
1.670000000000000000e+02 9.985403139748659784e-01
1.680000000000000000e+02 9.985403070096766642e-01
1.690000000000000000e+02 9.985403000699969445e-01
1.700000000000000000e+02 9.985402931642828328e-01
1.710000000000000000e+02 9.985402863009463781e-01
1.720000000000000000e+02 9.985402794883503352e-01
1.730000000000000000e+02 9.985402727347948426e-01
1.740000000000000000e+02 9.985402660485076520e-01
1.750000000000000000e+02 9.985402594376351360e-01
1.760000000000000000e+02 9.985402529102321845e-01
1.770000000000000000e+02 9.985402464742504369e-01
1.780000000000000000e+02 9.985402401375322867e-01
1.790000000000000000e+02 9.985402339077971146e-01
1.800000000000000000e+02 9.985402277926348491e-01
1.810000000000000000e+02 9.985402217994968632e-01
1.820000000000000000e+02 9.985402159356836505e-01
1.830000000000000000e+02 9.985402102083403841e-01
1.840000000000000000e+02 9.985402046244444829e-01
1.850000000000000000e+02 9.985401991907989494e-01
1.860000000000000000e+02 9.985401939140238214e-01
1.870000000000000000e+02 9.985401888005488447e-01
1.880000000000000000e+02 9.985401838566031474e-01
1.890000000000000000e+02 9.985401790882096895e-01
1.900000000000000000e+02 9.985401745011799335e-01
1.910000000000000000e+02 9.985401701011000775e-01
1.920000000000000000e+02 9.985401658933330538e-01
1.930000000000000000e+02 9.985401618830038739e-01
1.940000000000000000e+02 9.985401580749990735e-01
1.950000000000000000e+02 9.985401544739583857e-01
1.960000000000000000e+02 9.985401510842687456e-01
1.970000000000000000e+02 9.985401479100600719e-01
1.980000000000000000e+02 9.985401449551998265e-01
1.990000000000000000e+02 9.985401422232879076e-01
2.000000000000000000e+02 9.985401397176524307e-01
2.010000000000000000e+02 9.985401374413466202e-01
2.020000000000000000e+02 9.985401353971435912e-01
2.030000000000000000e+02 9.985401335875337958e-01
2.040000000000000000e+02 9.985401320147220261e-01
2.050000000000000000e+02 9.985401306806245270e-01
2.060000000000000000e+02 9.985401295868666649e-01
2.070000000000000000e+02 9.985401287347810406e-01
2.080000000000000000e+02 9.985401281254062678e-01
2.090000000000000000e+02 9.985401277594839753e-01
2.100000000000000000e+02 9.985401276374602508e-01
2.110000000000000000e+02 9.985401277594839753e-01
2.120000000000000000e+02 9.985401281254063788e-01
2.130000000000000000e+02 9.985401287347812627e-01
2.140000000000000000e+02 9.985401295868667759e-01
2.150000000000000000e+02 9.985401306806244159e-01
2.160000000000000000e+02 9.985401320147221371e-01
2.170000000000000000e+02 9.985401335875337958e-01
2.180000000000000000e+02 9.985401353971435912e-01
2.190000000000000000e+02 9.985401374413467313e-01
2.200000000000000000e+02 9.985401397176523197e-01
2.210000000000000000e+02 9.985401422232877966e-01
2.220000000000000000e+02 9.985401449551997155e-01
2.230000000000000000e+02 9.985401479100601829e-01
2.240000000000000000e+02 9.985401510842686346e-01
2.250000000000000000e+02 9.985401544739581636e-01
2.260000000000000000e+02 9.985401580749990735e-01
2.270000000000000000e+02 9.985401618830037629e-01
2.280000000000000000e+02 9.985401658933329427e-01
2.290000000000000000e+02 9.985401701011002995e-01
2.300000000000000000e+02 9.985401745011798225e-01
2.310000000000000000e+02 9.985401790882096895e-01
2.320000000000000000e+02 9.985401838566031474e-01
2.330000000000000000e+02 9.985401888005488447e-01
2.340000000000000000e+02 9.985401939140239325e-01
2.350000000000000000e+02 9.985401991907988384e-01
2.360000000000000000e+02 9.985402046244443719e-01
2.370000000000000000e+02 9.985402102083402731e-01
2.380000000000000000e+02 9.985402159356836505e-01
2.390000000000000000e+02 9.985402217994968632e-01
2.400000000000000000e+02 9.985402277926350711e-01
2.410000000000000000e+02 9.985402339077971146e-01
2.420000000000000000e+02 9.985402401375321757e-01
2.430000000000000000e+02 9.985402464742502149e-01
2.440000000000000000e+02 9.985402529102318514e-01
2.450000000000000000e+02 9.985402594376352470e-01
2.460000000000000000e+02 9.985402660485075410e-01
2.470000000000000000e+02 9.985402727347948426e-01
2.480000000000000000e+02 9.985402794883503352e-01
2.490000000000000000e+02 9.985402863009461560e-01
2.500000000000000000e+02 9.985402931642829438e-01
2.510000000000000000e+02 9.985403000699970555e-01
2.520000000000000000e+02 9.985403070096766642e-01
2.530000000000000000e+02 9.985403139748658674e-01
2.540000000000000000e+02 9.985403209570790084e-01
2.550000000000000000e+02 9.985403279478094474e-01
2.560000000000000000e+02 9.985403349385399974e-01
2.570000000000000000e+02 9.985403419207533604e-01
2.580000000000000000e+02 9.985403488859422305e-01
2.590000000000000000e+02 9.985403558256221723e-01
2.600000000000000000e+02 9.985403627313368391e-01
2.610000000000000000e+02 9.985403695946731828e-01
2.620000000000000000e+02 9.985403764072691146e-01
2.630000000000000000e+02 9.985403831608247183e-01
2.640000000000000000e+02 9.985403898471119088e-01
2.650000000000000000e+02 9.985403964579837588e-01
2.660000000000000000e+02 9.985404029853872654e-01
2.670000000000000000e+02 9.985404094213689019e-01
2.680000000000000000e+02 9.985404157580873852e-01
2.690000000000000000e+02 9.985404219878223353e-01
2.700000000000000000e+02 9.985401276374602508e-01
2.710000000000000000e+02 9.985391001796382060e-01
2.720000000000000000e+02 9.985380732787242364e-01
2.730000000000000000e+02 9.985370472471901682e-01
2.740000000000000000e+02 9.985360223970165539e-01
2.750000000000000000e+02 9.985349990396066300e-01
2.760000000000000000e+02 9.985339774856822892e-01
2.770000000000000000e+02 9.985329580452019238e-01
2.780000000000000000e+02 9.985319410272597285e-01
2.790000000000000000e+02 9.985309267399948840e-01
2.800000000000000000e+02 9.985299154905019625e-01
2.810000000000000000e+02 9.985289075847365581e-01
2.820000000000000000e+02 9.985279033274280236e-01
2.830000000000000000e+02 9.985269030219862119e-01
2.840000000000000000e+02 9.985259069704134349e-01
2.850000000000000000e+02 9.985249154732175336e-01
2.860000000000000000e+02 9.985239288293196180e-01
2.870000000000000000e+02 9.985229473359709118e-01
2.880000000000000000e+02 9.985219712886641563e-01
2.890000000000000000e+02 9.985210009810492338e-01
2.900000000000000000e+02 9.985200367048456815e-01
2.910000000000000000e+02 9.985190787497605358e-01
2.920000000000000000e+02 9.985181274034066190e-01
2.930000000000000000e+02 9.985171829512137220e-01
2.940000000000000000e+02 9.985162456763553296e-01
2.950000000000000000e+02 9.985153158596615786e-01
2.960000000000000000e+02 9.985143937795423197e-01
2.970000000000000000e+02 9.985134797119070704e-01
2.980000000000000000e+02 9.985125739300864112e-01
2.990000000000000000e+02 9.985116767047589326e-01
3.000000000000000000e+02 9.985107883038693011e-01
3.010000000000000000e+02 9.985099089925563165e-01
3.020000000000000000e+02 9.985090390330796373e-01
3.030000000000000000e+02 9.985081786847450624e-01
3.040000000000000000e+02 9.985073282038336995e-01
3.050000000000000000e+02 9.985064878435268021e-01
3.060000000000000000e+02 9.985056578538452632e-01
3.070000000000000000e+02 9.985048384815683464e-01
3.080000000000000000e+02 9.985040299701777311e-01
3.090000000000000000e+02 9.985032325597817948e-01
3.100000000000000000e+02 9.985024464870543293e-01
3.110000000000000000e+02 9.985016719851695921e-01
3.120000000000000000e+02 9.985009092837398015e-01
3.130000000000000000e+02 9.985001586087473013e-01
3.140000000000000000e+02 9.984994201824927140e-01
3.150000000000000000e+02 9.984986942235273277e-01
3.160000000000000000e+02 9.984979809465981404e-01
3.170000000000000000e+02 9.984972805625875747e-01
3.180000000000000000e+02 9.984965932784606313e-01
3.190000000000000000e+02 9.984959192972054920e-01
3.200000000000000000e+02 9.984952588177820054e-01
3.210000000000000000e+02 9.984946120350699506e-01
3.220000000000000000e+02 9.984939791398128595e-01
3.230000000000000000e+02 9.984933603185729423e-01
3.240000000000000000e+02 9.984927557536773524e-01
3.250000000000000000e+02 9.984921656231737774e-01
3.260000000000000000e+02 9.984915901007803685e-01
3.270000000000000000e+02 9.984910293558422190e-01
3.280000000000000000e+02 9.984904835532875111e-01
3.290000000000000000e+02 9.985146564654618917e-01
3.300000000000000000e+02 9.985401276374602508e-01
3.310000000000000000e+02 9.985404219878223353e-01
3.320000000000000000e+02 9.985404157580872742e-01
3.330000000000000000e+02 9.985404094213687909e-01
3.340000000000000000e+02 9.985404029853873764e-01
3.350000000000000000e+02 9.985403964579837588e-01
3.360000000000000000e+02 9.985403898471120199e-01
3.370000000000000000e+02 9.985403831608249403e-01
3.380000000000000000e+02 9.985403764072691146e-01
3.390000000000000000e+02 9.985403695946731828e-01
3.400000000000000000e+02 9.985403627313369501e-01
3.410000000000000000e+02 9.985403558256221723e-01
3.420000000000000000e+02 9.985403488859422305e-01
3.430000000000000000e+02 9.985403419207534714e-01
3.440000000000000000e+02 9.985403349385401084e-01
3.450000000000000000e+02 9.985403279478093364e-01
3.460000000000000000e+02 9.985403209570792304e-01
3.470000000000000000e+02 9.985403139748659784e-01
3.480000000000000000e+02 9.985403070096764422e-01
3.490000000000000000e+02 9.985403000699970555e-01
3.500000000000000000e+02 9.985402931642828328e-01
3.510000000000000000e+02 9.985402863009462671e-01
3.520000000000000000e+02 9.985402794883502242e-01
3.530000000000000000e+02 9.985402727347948426e-01
3.540000000000000000e+02 9.985402660485075410e-01
3.550000000000000000e+02 9.985402594376351360e-01
3.560000000000000000e+02 9.985402529102321845e-01
3.570000000000000000e+02 9.985402464742502149e-01
3.580000000000000000e+02 9.985402401375322867e-01
3.590000000000000000e+02 9.985402339077972256e-01
3.600000000000000000e+02 9.985402277926349601e-01
