0.000000000000000000e+00 5.417219432111407711e-15
1.000000000000000000e+00 5.473684123718217266e-15
2.000000000000000000e+00 5.529603767287811674e-15
3.000000000000000000e+00 5.584961322250659306e-15
4.000000000000000000e+00 5.639739914829100017e-15
5.000000000000000000e+00 5.693923338412958811e-15
6.000000000000000000e+00 5.747494774821865510e-15
7.000000000000000000e+00 5.800438073042935877e-15
8.000000000000000000e+00 5.852737415647028639e-15
9.000000000000000000e+00 5.904376846211776815e-15
1.000000000000000000e+01 5.955340324918876102e-15
1.100000000000000000e+01 6.005613062889059119e-15
1.200000000000000000e+01 6.055179409485056077e-15
1.300000000000000000e+01 6.104024186646566659e-15
1.400000000000000000e+01 6.152133050272647176e-15
1.500000000000000000e+01 6.199491489470480878e-15
1.600000000000000000e+01 6.246084854354028462e-15
1.700000000000000000e+01 6.291899078808797660e-15
1.800000000000000000e+01 6.336920041123007027e-15
1.900000000000000000e+01 6.381134814926619701e-15
2.000000000000000000e+01 6.424529500897015690e-15
2.100000000000000000e+01 6.467091033670933208e-15
2.200000000000000000e+01 6.508806653670206880e-15
2.300000000000000000e+01 6.549663490122089811e-15
2.400000000000000000e+01 6.589649395018613380e-15
2.500000000000000000e+01 6.628752303747743920e-15
2.600000000000000000e+01 6.666960290690671896e-15
2.700000000000000000e+01 6.704262014000141122e-15
2.800000000000000000e+01 6.740645631453278594e-15
2.900000000000000000e+01 6.776100913148636181e-15
3.000000000000000000e+01 6.810616378245730409e-15
3.100000000000000000e+01 6.844182130426855325e-15
3.200000000000000000e+01 6.876787828595982071e-15
3.300000000000000000e+01 6.908423465240824757e-15
3.400000000000000000e+01 6.939079894607099108e-15
3.500000000000000000e+01 6.968747275974389930e-15
3.600000000000000000e+01 6.997417380943706112e-15
3.700000000000000000e+01 7.025080674579732019e-15
3.800000000000000000e+01 7.051729428859089415e-15
3.900000000000000000e+01 7.077355387584142204e-15
4.000000000000000000e+01 7.101950906127450257e-15
4.100000000000000000e+01 7.125508423257507611e-15
4.200000000000000000e+01 7.148020516736037166e-15
4.300000000000000000e+01 7.169480904069210920e-15
4.400000000000000000e+01 7.189883135971337272e-15
4.500000000000000000e+01 7.209220568566202631e-15
4.600000000000000000e+01 7.227487586527466507e-15
4.700000000000000000e+01 7.244678685723374658e-15
4.800000000000000000e+01 7.260788806800491016e-15
4.900000000000000000e+01 7.275812751412156954e-15
5.000000000000000000e+01 7.289746266365651207e-15
5.100000000000000000e+01 7.302585209662830869e-15
5.200000000000000000e+01 7.314325216916396311e-15
5.300000000000000000e+01 7.324963341469949212e-15
5.400000000000000000e+01 7.334495830506384335e-15
5.500000000000000000e+01 7.342919931959822193e-15
5.600000000000000000e+01 7.350233533133225038e-15
5.700000000000000000e+01 7.356433742967487673e-15
5.800000000000000000e+01 7.361519115933056710e-15
5.900000000000000000e+01 7.365488428889541790e-15
6.000000000000000000e+01 7.368339735931778230e-15
6.100000000000000000e+01 7.370072369892278514e-15
6.200000000000000000e+01 7.370686108381879613e-15
6.300000000000000000e+01 7.370180506622260199e-15
6.400000000000000000e+01 7.368555925995807434e-15
6.500000000000000000e+01 7.365812727884908483e-15
6.600000000000000000e+01 7.361951662852986602e-15
6.700000000000000000e+01 7.356973898443139025e-15
6.800000000000000000e+01 7.350881019178148004e-15
6.900000000000000000e+01 7.343674804171306742e-15
7.000000000000000000e+01 7.335357616307460211e-15
7.100000000000000000e+01 7.325931596082293509e-15
7.200000000000000000e+01 7.315399717950845999e-15
7.300000000000000000e+01 7.303765428945127299e-15
7.400000000000000000e+01 7.291031759117469897e-15
7.500000000000000000e+01 7.277202933861949286e-15
7.600000000000000000e+01 7.262283011780769476e-15
7.700000000000000000e+01 7.246276412858526372e-15
7.800000000000000000e+01 7.229188140851359765e-15
7.900000000000000000e+01 7.211023338508641466e-15
8.000000000000000000e+01 7.191787148579740130e-15
8.100000000000000000e+01 7.171485686766607545e-15
8.200000000000000000e+01 7.150124929777972942e-15
8.300000000000000000e+01 7.127711632684625117e-15
8.400000000000000000e+01 7.104251938987166363e-15
8.500000000000000000e+01 7.079753548910325988e-15
8.600000000000000000e+01 7.054223856893737684e-15
8.700000000000000000e+01 7.027670173981100188e-15
8.800000000000000000e+01 7.000100561779532340e-15
8.900000000000000000e+01 6.971523665667704749e-15
9.000000000000000000e+01 6.941947602850026224e-15
9.100000000000000000e+01 6.911382075053685460e-15
9.200000000000000000e+01 6.879835644261417325e-15
9.300000000000000000e+01 6.847318067797700483e-15
9.400000000000000000e+01 6.813839214181595113e-15
9.500000000000000000e+01 6.779409090925386318e-15
9.600000000000000000e+01 6.744038233715621789e-15
9.700000000000000000e+01 6.707737178238846066e-15
9.800000000000000000e+01 6.670516932758574731e-15
9.900000000000000000e+01 6.632389061511227001e-15
1.000000000000000000e+02 6.593364739552189942e-15
1.010000000000000000e+02 6.553455864701624951e-15
1.020000000000000000e+02 6.512674668363438757e-15
1.030000000000000000e+02 6.471032992760503575e-15
1.040000000000000000e+02 6.428544125645242642e-15
1.050000000000000000e+02 6.385220298421561898e-15
1.060000000000000000e+02 6.341074993432403416e-15
1.070000000000000000e+02 6.296121693020707689e-15
1.080000000000000000e+02 6.250373434751092306e-15
1.090000000000000000e+02 6.203844451529920227e-15
1.100000000000000000e+02 6.156548976263553626e-15
1.110000000000000000e+02 6.108501019469194010e-15
1.120000000000000000e+02 6.059715481220689488e-15
1.130000000000000000e+02 6.010206511028466492e-15
1.140000000000000000e+02 5.959989898523022095e-15
1.150000000000000000e+02 5.909080210194462228e-15
1.160000000000000000e+02 5.857493263471926585e-15
1.170000000000000000e+02 5.805244542200815045e-15
1.180000000000000000e+02 5.752349780414333139e-15
1.190000000000000000e+02 5.698825379313172332e-15
1.200000000000000000e+02 5.644686850541375911e-15
1.210000000000000000e+02 5.589951623849509231e-15
1.220000000000000000e+02 5.534635294277551322e-15
1.230000000000000000e+02 5.478755208180133373e-15
1.240000000000000000e+02 5.422328350529495467e-15
1.250000000000000000e+02 5.365371428311427053e-15
1.260000000000000000e+02 5.307902232658881438e-15
1.270000000000000000e+02 5.249937831940035236e-15
1.280000000000000000e+02 5.191495906093262604e-15
1.290000000000000000e+02 5.132594301848805242e-15
1.300000000000000000e+02 5.073250726943683080e-15
1.310000000000000000e+02 5.013483278295945044e-15
1.320000000000000000e+02 4.953310080622288985e-15
1.330000000000000000e+02 4.892749731216379069e-15
1.340000000000000000e+02 4.831820271398977409e-15
1.350000000000000000e+02 4.770539992678650184e-15
1.360000000000000000e+02 4.708927853731451091e-15
1.370000000000000000e+02 4.647002952226660325e-15
1.380000000000000000e+02 4.584783273887748452e-15
1.390000000000000000e+02 4.522288472356898509e-15
1.400000000000000000e+02 4.459537061531841286e-15
1.410000000000000000e+02 4.396548333672372659e-15
1.420000000000000000e+02 4.333341275253192097e-15
1.430000000000000000e+02 4.269935539916482639e-15
1.440000000000000000e+02 4.206349836150491543e-15
1.450000000000000000e+02 4.142604067785210651e-15
1.460000000000000000e+02 4.078717304691273598e-15
1.470000000000000000e+02 4.014709061517639288e-15
1.480000000000000000e+02 3.950598686121393566e-15
1.490000000000000000e+02 3.886406054533884078e-15
1.500000000000000000e+02 3.822150403417616732e-15
1.510000000000000000e+02 3.757851303018839613e-15
1.520000000000000000e+02 3.693528518174318063e-15
1.530000000000000000e+02 3.629201563533010200e-15
1.540000000000000000e+02 3.564890148334391397e-15
1.550000000000000000e+02 3.500613676032839046e-15
1.560000000000000000e+02 3.436392022659699609e-15
1.570000000000000000e+02 3.372244424877478600e-15
1.580000000000000000e+02 3.308190480731069876e-15
1.590000000000000000e+02 3.244250149647756038e-15
1.600000000000000000e+02 3.180442223511718903e-15
1.610000000000000000e+02 3.116786828542112162e-15
1.620000000000000000e+02 3.053303090206860205e-15
1.630000000000000000e+02 2.990010578752212301e-15
1.640000000000000000e+02 2.926928197256930994e-15
1.650000000000000000e+02 2.864075515967265553e-15
1.660000000000000000e+02 2.801471715948431127e-15
1.670000000000000000e+02 2.739135867071062137e-15
1.680000000000000000e+02 2.677087039205793006e-15
1.690000000000000000e+02 2.615344191028677429e-15
1.700000000000000000e+02 2.553926003229316104e-15
1.710000000000000000e+02 2.492851184295955499e-15
1.720000000000000000e+02 2.432138915293810764e-15
1.730000000000000000e+02 2.371807293140933583e-15
1.740000000000000000e+02 2.311874859533698153e-15
1.750000000000000000e+02 2.252360100571189492e-15
1.760000000000000000e+02 2.193280946379586617e-15
1.770000000000000000e+02 2.134655466078295834e-15
1.780000000000000000e+02 2.076501812182658403e-15
1.790000000000000000e+02 2.018837442241885058e-15
1.800000000000000000e+02 1.961680675563188148e-15
1.810000000000000000e+02 1.905048080139131017e-15
1.820000000000000000e+02 1.848957697290474592e-15
1.830000000000000000e+02 1.793426400794878625e-15
1.840000000000000000e+02 1.738471120027294608e-15
1.850000000000000000e+02 1.684108645369446945e-15
1.860000000000000000e+02 1.630356072988158416e-15
1.870000000000000000e+02 1.577229387104441580e-15
1.880000000000000000e+02 1.524745044516278461e-15
1.890000000000000000e+02 1.472918973847391453e-15
1.900000000000000000e+02 1.421767075922857569e-15
1.910000000000000000e+02 1.371305251567753822e-15
1.920000000000000000e+02 1.321548734439671881e-15
1.930000000000000000e+02 1.272512758196202625e-15
1.940000000000000000e+02 1.224212361904421254e-15
1.950000000000000000e+02 1.176662695825982907e-15
1.960000000000000000e+02 1.129877770478088893e-15
1.970000000000000000e+02 1.083872319142715839e-15
1.980000000000000000e+02 1.038660102149257632e-15
1.990000000000000000e+02 9.942554913973029431e-16
2.000000000000000000e+02 9.506716356460504823e-16
2.010000000000000000e+02 9.079218504465698509e-16
2.020000000000000000e+02 8.660196737390928921e-16
2.030000000000000000e+02 8.249777817058488472e-16
2.040000000000000000e+02 7.848086837371954731e-16
2.050000000000000000e+02 7.455248614248456413e-16
2.060000000000000000e+02 7.071379901997997869e-16
2.070000000000000000e+02 6.696602736673182749e-16
2.080000000000000000e+02 6.331026644936255367e-16
2.090000000000000000e+02 5.974770049015935903e-16
2.100000000000000000e+02 5.627938861750589147e-16
2.110000000000000000e+02 5.290641497856648202e-16
2.120000000000000000e+02 4.962979144402787125e-16
2.130000000000000000e+02 4.645054934362843667e-16
2.140000000000000000e+02 4.336961159239014540e-16
2.150000000000000000e+02 4.038800118045782049e-16
2.160000000000000000e+02 3.750657430610484032e-16
2.170000000000000000e+02 3.472621496624982901e-16
2.180000000000000000e+02 3.204782105713402611e-16
2.190000000000000000e+02 2.947217650055319486e-16
2.200000000000000000e+02 2.700007911762571394e-16
2.210000000000000000e+02 2.463230727041829054e-16
2.220000000000000000e+02 2.236954758546835011e-16
2.230000000000000000e+02 2.021256174565545635e-16
2.240000000000000000e+02 1.816194742185226620e-16
2.250000000000000000e+02 1.621833564330572110e-16
2.260000000000000000e+02 1.438236299899180620e-16
2.270000000000000000e+02 1.265456878262817380e-16
2.280000000000000000e+02 1.103548950806795186e-16
2.290000000000000000e+02 9.525633890519023906e-17
2.300000000000000000e+02 8.125455047898799269e-17
2.310000000000000000e+02 6.835356060563251934e-17
2.320000000000000000e+02 5.655748348461930087e-17
2.330000000000000000e+02 4.587046111408905004e-17
2.340000000000000000e+02 3.629491197617762676e-17
2.350000000000000000e+02 2.783442209612094680e-17
2.360000000000000000e+02 2.049113196960246538e-17
2.370000000000000000e+02 1.426782146114615523e-17
2.380000000000000000e+02 9.165824905723523946e-18
2.390000000000000000e+02 5.187143805791825969e-18
2.400000000000000000e+02 2.332612120708252962e-18
2.410000000000000000e+02 6.033973935728729097e-19
2.420000000000000000e+02 0.000000000000000000e+00
2.430000000000000000e+02 5.225867318610723928e-19
2.440000000000000000e+02 2.170851804058453639e-18
2.450000000000000000e+02 4.944155847751630393e-18
2.460000000000000000e+02 8.842220876488206364e-18
2.470000000000000000e+02 1.386326777697283913e-17
2.480000000000000000e+02 2.000604561016974544e-17
2.490000000000000000e+02 2.726849727633118281e-17
2.500000000000000000e+02 3.564831548790225968e-17
2.510000000000000000e+02 4.514335974919952082e-17
2.520000000000000000e+02 5.575037761872992620e-17
2.530000000000000000e+02 6.746575527261229834e-17
2.540000000000000000e+02 8.028674064496792007e-17
2.550000000000000000e+02 9.420852457017032716e-17
2.560000000000000000e+02 1.092275210229835853e-16
2.570000000000000000e+02 1.253386706499740782e-16
2.580000000000000000e+02 1.425368862990629461e-16
2.590000000000000000e+02 1.608174699992046606e-16
2.600000000000000000e+02 1.801744172430274709e-16
2.610000000000000000e+02 2.006017513218048322e-16
2.620000000000000000e+02 2.220932731376482784e-16
2.630000000000000000e+02 2.446425334048622160e-16
2.640000000000000000e+02 2.682422488783938528e-16
2.650000000000000000e+02 2.928854698969332910e-16
2.660000000000000000e+02 3.185644406384585416e-16
2.670000000000000000e+02 3.452712662877216585e-16
2.680000000000000000e+02 3.729978296403125523e-16
2.690000000000000000e+02 4.017358744985951269e-16
2.700000000000000000e+02 4.314760883164140187e-16
2.710000000000000000e+02 4.622094365340663207e-16
2.720000000000000000e+02 4.939267177999776917e-16
2.730000000000000000e+02 5.266181747896690730e-16
2.740000000000000000e+02 5.602733830111754699e-16
2.750000000000000000e+02 5.948824183481464385e-16
2.760000000000000000e+02 6.304347729126812421e-16
2.770000000000000000e+02 6.669187156764888848e-16
2.780000000000000000e+02 7.043242669259280665e-16
2.790000000000000000e+02 7.426390284652221511e-16
2.800000000000000000e+02 7.818514360579512325e-16
2.810000000000000000e+02 8.219493972934361653e-16
2.820000000000000000e+02 8.629211533447404763e-16
2.830000000000000000e+02 9.047534998553752905e-16
2.840000000000000000e+02 9.474339830322734112e-16
2.850000000000000000e+02 9.909491761297839189e-16
2.860000000000000000e+02 1.035286097180579786e-15
2.870000000000000000e+02 1.080430846862041216e-15
2.880000000000000000e+02 1.126369776039355640e-15
2.890000000000000000e+02 1.173088957591257882e-15
2.900000000000000000e+02 1.220573463645254259e-15
2.910000000000000000e+02 1.268809533871951080e-15
2.920000000000000000e+02 1.317781767821885586e-15
2.930000000000000000e+02 1.367475682400887984e-15
2.940000000000000000e+02 1.417875571374397533e-15
2.950000000000000000e+02 1.468966256682113715e-15
2.960000000000000000e+02 1.520731976492185426e-15
2.970000000000000000e+02 1.573157163563278424e-15
2.980000000000000000e+02 1.626225361097410879e-15
2.990000000000000000e+02 1.679920418081698552e-15
3.000000000000000000e+02 1.734226072308676083e-15
3.010000000000000000e+02 1.789125700188490355e-15
3.020000000000000000e+02 1.844602400144835255e-15
3.030000000000000000e+02 1.900639326198696016e-15
3.040000000000000000e+02 1.957219131995443026e-15
3.050000000000000000e+02 2.014324526777736640e-15
3.060000000000000000e+02 2.071938497774690610e-15
3.070000000000000000e+02 2.130042864672318296e-15
3.080000000000000000e+02 2.188620086525472829e-15
3.090000000000000000e+02 2.247652233207975191e-15
3.100000000000000000e+02 2.307121068808547986e-15
3.110000000000000000e+02 2.367009135777980874e-15
3.120000000000000000e+02 2.427297308648348676e-15
3.130000000000000000e+02 2.487967518300245480e-15
3.140000000000000000e+02 2.549001084044070194e-15
3.150000000000000000e+02 2.610379769968545818e-15
3.160000000000000000e+02 2.672084339411166839e-15
3.170000000000000000e+02 2.734096195078267120e-15
3.180000000000000000e+02 2.796396433891084117e-15
3.190000000000000000e+02 2.858966069374918755e-15
3.200000000000000000e+02 2.921785753672684797e-15
3.210000000000000000e+02 2.984836667101554651e-15
3.220000000000000000e+02 3.048099322811215185e-15
3.230000000000000000e+02 3.111554484139160493e-15
3.240000000000000000e+02 3.175183136812046910e-15
3.250000000000000000e+02 3.238965210208011110e-15
3.260000000000000000e+02 3.302881717852354412e-15
3.270000000000000000e+02 3.366913006102892595e-15
3.280000000000000000e+02 3.431039699303893646e-15
3.290000000000000000e+02 3.495242143813172555e-15
3.300000000000000000e+02 3.559501047370933447e-15
3.310000000000000000e+02 3.623796506147184478e-15
3.320000000000000000e+02 3.688108838701095655e-15
3.330000000000000000e+02 3.752418585980999616e-15
3.340000000000000000e+02 3.816706650317616957e-15
3.350000000000000000e+02 3.880952822095858638e-15
3.360000000000000000e+02 3.945137892451862161e-15
3.370000000000000000e+02 4.009241901958347292e-15
3.380000000000000000e+02 4.073245864140615351e-15
3.390000000000000000e+02 4.137130180953770901e-15
3.400000000000000000e+02 4.200875309950211629e-15
3.410000000000000000e+02 4.264461708682333647e-15
3.420000000000000000e+02 4.327870390675438272e-15
3.430000000000000000e+02 4.391081813481922405e-15
3.440000000000000000e+02 4.454076768237924334e-15
3.450000000000000000e+02 4.516836435260617653e-15
3.460000000000000000e+02 4.579341383296979986e-15
3.470000000000000000e+02 4.641572681469602621e-15
3.480000000000000000e+02 4.703511287706496123e-15
3.490000000000000000e+02 4.765138632512641308e-15
3.500000000000000000e+02 4.826436118594371646e-15
3.510000000000000000e+02 4.887384759476989244e-15
3.520000000000000000e+02 4.947966319249216313e-15
3.530000000000000000e+02 5.008162200617388686e-15
3.540000000000000000e+02 5.067954278864808511e-15
3.550000000000000000e+02 5.127324596066651786e-15
3.560000000000000000e+02 5.186254666123834282e-15
3.570000000000000000e+02 5.244726948091209129e-15
3.580000000000000000e+02 5.302723428446661569e-15
3.590000000000000000e+02 5.360226760835561198e-15
3.600000000000000000e+02 5.417219432111407711e-15
