0.000000000000000000e+00 9.992699636635556937e-01
1.000000000000000000e+00 9.992919174241005065e-01
2.000000000000000000e+00 9.993136423291372195e-01
3.000000000000000000e+00 9.993351317553587077e-01
4.000000000000000000e+00 9.993563791510861050e-01
5.000000000000000000e+00 9.993773780382758654e-01
6.000000000000000000e+00 9.993981220144995126e-01
7.000000000000000000e+00 9.994186047549005192e-01
8.000000000000000000e+00 9.994388200141287593e-01
9.000000000000000000e+00 9.994587616282478715e-01
1.000000000000000000e+01 9.994784235166257469e-01
1.100000000000000000e+01 9.994977996837887124e-01
1.200000000000000000e+01 9.995168842212589499e-01
1.300000000000000000e+01 9.995356713093591638e-01
1.400000000000000000e+01 9.995541552189979306e-01
1.500000000000000000e+01 9.995723303134156357e-01
1.600000000000000000e+01 9.995901910499155330e-01
1.700000000000000000e+01 9.996077319815571682e-01
1.800000000000000000e+01 9.996249477588226018e-01
1.900000000000000000e+01 9.996418331312542094e-01
2.000000000000000000e+01 9.996583829490631734e-01
2.100000000000000000e+01 9.996745921647058886e-01
2.200000000000000000e+01 9.996904558344252845e-01
2.300000000000000000e+01 9.997059691197692777e-01
2.400000000000000000e+01 9.997211272890711431e-01
2.500000000000000000e+01 9.997359257188952464e-01
2.600000000000000000e+01 9.997503598954555759e-01
2.700000000000000000e+01 9.997644254159991917e-01
2.800000000000000000e+01 9.997781179901499282e-01
2.900000000000000000e+01 9.997914334412270065e-01
3.000000000000000000e+01 9.998043677075241220e-01
3.100000000000000000e+01 9.998169168435507848e-01
3.200000000000000000e+01 9.998290770212394651e-01
3.300000000000000000e+01 9.998408445311279813e-01
3.400000000000000000e+01 9.998522157834832669e-01
3.500000000000000000e+01 9.998631873094109279e-01
3.600000000000000000e+01 9.998737557619118421e-01
3.700000000000000000e+01 9.998839179169121127e-01
3.800000000000000000e+01 9.998936706742473923e-01
3.900000000000000000e+01 9.999030110586175635e-01
4.000000000000000000e+01 9.999119362204936801e-01
4.100000000000000000e+01 9.999204434369924899e-01
4.200000000000000000e+01 9.999285301127128767e-01
4.300000000000000000e+01 9.999361937805317790e-01
4.400000000000000000e+01 9.999434321023557004e-01
4.500000000000000000e+01 9.999502428698439083e-01
4.600000000000000000e+01 9.999566240050792310e-01
4.700000000000000000e+01 9.999625735612091004e-01
4.800000000000000000e+01 9.999680897230397436e-01
4.900000000000000000e+01 9.999731708075961789e-01
5.000000000000000000e+01 9.999778152646343621e-01
5.100000000000000000e+01 9.999820216771171388e-01
5.200000000000000000e+01 9.999857887616523389e-01
5.300000000000000000e+01 9.999891153688792444e-01
5.400000000000000000e+01 9.999920004838294130e-01
5.500000000000000000e+01 9.999944432262313221e-01
5.600000000000000000e+01 9.999964428507832626e-01
5.700000000000000000e+01 9.999979987473804899e-01
5.800000000000000000e+01 9.999991104413027410e-01
5.900000000000000000e+01 9.999997775933608946e-01
6.000000000000000000e+01 1.000000000000000000e+00
6.100000000000000000e+01 9.999997775933608946e-01
6.200000000000000000e+01 9.999991104413027410e-01
6.300000000000000000e+01 9.999979987473798237e-01
6.400000000000000000e+01 9.999964428507830405e-01
6.500000000000000000e+01 9.999944432262316552e-01
6.600000000000000000e+01 9.999920004838294130e-01
6.700000000000000000e+01 9.999891153688796885e-01
6.800000000000000000e+01 9.999857887616515617e-01
6.900000000000000000e+01 9.999820216771171388e-01
7.000000000000000000e+01 9.999778152646338070e-01
7.100000000000000000e+01 9.999731708075961789e-01
7.200000000000000000e+01 9.999680897230399657e-01
7.300000000000000000e+01 9.999625735612087674e-01
7.400000000000000000e+01 9.999566240050794530e-01
7.500000000000000000e+01 9.999502428698444634e-01
7.600000000000000000e+01 9.999434321023553673e-01
7.700000000000000000e+01 9.999361937805317790e-01
7.800000000000000000e+01 9.999285301127130987e-01
7.900000000000000000e+01 9.999204434369921568e-01
8.000000000000000000e+01 9.999119362204933470e-01
8.100000000000000000e+01 9.999030110586177855e-01
8.200000000000000000e+01 9.998936706742473923e-01
8.300000000000000000e+01 9.998839179169123348e-01
8.400000000000000000e+01 9.998737557619116201e-01
8.500000000000000000e+01 9.998631873094104838e-01
8.600000000000000000e+01 9.998522157834841551e-01
8.700000000000000000e+01 9.998408445311278703e-01
8.800000000000000000e+01 9.998290770212397982e-01
8.900000000000000000e+01 9.998169168435505627e-01
9.000000000000000000e+01 9.998043677075240110e-01
9.100000000000000000e+01 9.997914334412272286e-01
9.200000000000000000e+01 9.997781179901493731e-01
9.300000000000000000e+01 9.997644254159985255e-01
9.400000000000000000e+01 9.997503598954556869e-01
9.500000000000000000e+01 9.997359257188953574e-01
9.600000000000000000e+01 9.997211272890709211e-01
9.700000000000000000e+01 9.997059691197697218e-01
9.800000000000000000e+01 9.996904558344255065e-01
9.900000000000000000e+01 9.996745921647051114e-01
1.000000000000000000e+02 9.996583829490630624e-01
1.010000000000000000e+02 9.996418331312540984e-01
1.020000000000000000e+02 9.996249477588227128e-01
1.030000000000000000e+02 9.996077319815573903e-01
1.040000000000000000e+02 9.995901910499155330e-01
1.050000000000000000e+02 9.995723303134157467e-01
1.060000000000000000e+02 9.995541552189974865e-01
1.070000000000000000e+02 9.995356713093592749e-01
1.080000000000000000e+02 9.995168842212581728e-01
1.090000000000000000e+02 9.994977996837888234e-01
1.100000000000000000e+02 9.994784235166250808e-01
1.110000000000000000e+02 9.994587616282476494e-01
1.120000000000000000e+02 9.994388200141285372e-01
1.130000000000000000e+02 9.994186047549006302e-01
1.140000000000000000e+02 9.993981220144994015e-01
1.150000000000000000e+02 9.993773780382753102e-01
1.160000000000000000e+02 9.993563791510861050e-01
1.170000000000000000e+02 9.993351317553588187e-01
1.180000000000000000e+02 9.993136423291376635e-01
1.190000000000000000e+02 9.992919174241006175e-01
1.200000000000000000e+02 9.992699636635555827e-01
1.210000000000000000e+02 9.992477877404193354e-01
1.220000000000000000e+02 9.992253964151680545e-01
1.230000000000000000e+02 9.992027965137745271e-01
1.240000000000000000e+02 9.991799949256208180e-01
1.250000000000000000e+02 9.991569986013952853e-01
1.260000000000000000e+02 9.991338145509641722e-01
1.270000000000000000e+02 9.991104498412365365e-01
1.280000000000000000e+02 9.990869115940007594e-01
1.290000000000000000e+02 9.990632069837530604e-01
1.300000000000000000e+02 9.990393432355033632e-01
1.310000000000000000e+02 9.990153276225736123e-01
1.320000000000000000e+02 9.989911674643715545e-01
1.330000000000000000e+02 9.989668701241610771e-01
1.340000000000000000e+02 9.989424430068094551e-01
1.350000000000000000e+02 9.989178935565362627e-01
1.360000000000000000e+02 9.988932292546287561e-01
1.370000000000000000e+02 9.988684576171731333e-01
1.380000000000000000e+02 9.988435861927464909e-01
1.390000000000000000e+02 9.988186225601294321e-01
1.400000000000000000e+02 9.987935743259797050e-01
1.410000000000000000e+02 9.987684491225227168e-01
1.420000000000000000e+02 9.987432546052192883e-01
1.430000000000000000e+02 9.987179984504301888e-01
1.440000000000000000e+02 9.986926883530788945e-01
1.450000000000000000e+02 9.986673320243040219e-01
1.460000000000000000e+02 9.986419371891069874e-01
1.470000000000000000e+02 9.986165115839998885e-01
1.480000000000000000e+02 9.985910629546479456e-01
1.490000000000000000e+02 9.985908911220618966e-01
1.500000000000000000e+02 9.985914187932765085e-01
1.510000000000000000e+02 9.985919308102083614e-01
1.520000000000000000e+02 9.985924270114181489e-01
1.530000000000000000e+02 9.985929072403983975e-01
1.540000000000000000e+02 9.985933713456330851e-01
1.550000000000000000e+02 9.985938191806510433e-01
1.560000000000000000e+02 9.985942506040708100e-01
1.570000000000000000e+02 9.985946654796559185e-01
1.580000000000000000e+02 9.985950636763580857e-01
1.590000000000000000e+02 9.985954450683655059e-01
1.600000000000000000e+02 9.985958095351468167e-01
1.610000000000000000e+02 9.985961569614886235e-01
1.620000000000000000e+02 9.985964872375415746e-01
1.630000000000000000e+02 9.985968002588561099e-01
1.640000000000000000e+02 9.985970959264180991e-01
1.650000000000000000e+02 9.985973741466848130e-01
1.660000000000000000e+02 9.985976348316178974e-01
1.670000000000000000e+02 9.985978778987120164e-01
1.680000000000000000e+02 9.985981032710266048e-01
1.690000000000000000e+02 9.985983108772110706e-01
1.700000000000000000e+02 9.985985006515303297e-01
1.710000000000000000e+02 9.985986725338882319e-01
1.720000000000000000e+02 9.985988264698465455e-01
1.730000000000000000e+02 9.985989624106483831e-01
1.740000000000000000e+02 9.985990803132305249e-01
1.750000000000000000e+02 9.985991801402422929e-01
1.760000000000000000e+02 9.985992618600550985e-01
1.770000000000000000e+02 9.985993254467783187e-01
1.780000000000000000e+02 9.985993708802632929e-01
1.790000000000000000e+02 9.985993981461143143e-01
1.800000000000000000e+02 9.985994072356918494e-01
1.810000000000000000e+02 9.985993981461140923e-01
1.820000000000000000e+02 9.985993708802635149e-01
1.830000000000000000e+02 9.985993254467779856e-01
1.840000000000000000e+02 9.985992618600549875e-01
1.850000000000000000e+02 9.985991801402417378e-01
1.860000000000000000e+02 9.985990803132301918e-01
1.870000000000000000e+02 9.985989624106484941e-01
1.880000000000000000e+02 9.985988264698464345e-01
1.890000000000000000e+02 9.985986725338877878e-01
1.900000000000000000e+02 9.985985006515311069e-01
1.910000000000000000e+02 9.985983108772111816e-01
1.920000000000000000e+02 9.985981032710264937e-01
1.930000000000000000e+02 9.985978778987125715e-01
1.940000000000000000e+02 9.985976348316176754e-01
1.950000000000000000e+02 9.985973741466849241e-01
1.960000000000000000e+02 9.985970959264177660e-01
1.970000000000000000e+02 9.985968002588558878e-01
1.980000000000000000e+02 9.985964872375416856e-01
1.990000000000000000e+02 9.985961569614889566e-01
2.000000000000000000e+02 9.985958095351467056e-01
2.010000000000000000e+02 9.985954450683653949e-01
2.020000000000000000e+02 9.985950636763580857e-01
2.030000000000000000e+02 9.985946654796560296e-01
2.040000000000000000e+02 9.985942506040705879e-01
2.050000000000000000e+02 9.985938191806508213e-01
2.060000000000000000e+02 9.985933713456331962e-01
2.070000000000000000e+02 9.985929072403979534e-01
2.080000000000000000e+02 9.985924270114179269e-01
2.090000000000000000e+02 9.985919308102084724e-01
2.100000000000000000e+02 9.985914187932765085e-01
2.110000000000000000e+02 9.985908911220620077e-01
2.120000000000000000e+02 9.985903479628874813e-01
2.130000000000000000e+02 9.985897894868960289e-01
2.140000000000000000e+02 9.985892158699956056e-01
2.150000000000000000e+02 9.985886272927955165e-01
2.160000000000000000e+02 9.985880239405472425e-01
2.170000000000000000e+02 9.985874060030777155e-01
2.180000000000000000e+02 9.985867736747263690e-01
2.190000000000000000e+02 9.985861271542779694e-01
2.200000000000000000e+02 9.985854666448925610e-01
2.210000000000000000e+02 9.985847923540398519e-01
2.220000000000000000e+02 9.985841044934247179e-01
2.230000000000000000e+02 9.985834032789191461e-01
2.240000000000000000e+02 9.985826889304828535e-01
2.250000000000000000e+02 9.985819616720921221e-01
2.260000000000000000e+02 9.985812217316665240e-01
2.270000000000000000e+02 9.985804693409854327e-01
2.280000000000000000e+02 9.985797047356153033e-01
2.290000000000000000e+02 9.985789281548249630e-01
2.300000000000000000e+02 9.985781398415116694e-01
2.310000000000000000e+02 9.985773400421115165e-01
2.320000000000000000e+02 9.985765290065240496e-01
2.330000000000000000e+02 9.985757069880218939e-01
2.340000000000000000e+02 9.985748742431709291e-01
2.350000000000000000e+02 9.985740310317441359e-01
2.360000000000000000e+02 9.985731776166318907e-01
2.370000000000000000e+02 9.985723142637566996e-01
2.380000000000000000e+02 9.985714412419859354e-01
2.390000000000000000e+02 9.985705588230384677e-01
2.400000000000000000e+02 9.985696672814017294e-01
2.410000000000000000e+02 9.985687668942346829e-01
2.420000000000000000e+02 9.985678579412811118e-01
2.430000000000000000e+02 9.985669407047744750e-01
2.440000000000000000e+02 9.985660154693473123e-01
2.450000000000000000e+02 9.985650825219376525e-01
2.460000000000000000e+02 9.985641421516939786e-01
2.470000000000000000e+02 9.985631946498846334e-01
2.480000000000000000e+02 9.985622403098003419e-01
2.490000000000000000e+02 9.985612794266600645e-01
2.500000000000000000e+02 9.985603122975150736e-01
2.510000000000000000e+02 9.985593392211521424e-01
2.520000000000000000e+02 9.985583604980019512e-01
2.530000000000000000e+02 9.985573764300375021e-01
2.540000000000000000e+02 9.985563873206797503e-01
2.550000000000000000e+02 9.985553934747003479e-01
2.560000000000000000e+02 9.985543951981246114e-01
2.570000000000000000e+02 9.985533927981353752e-01
2.580000000000000000e+02 9.985523865829725176e-01
2.590000000000000000e+02 9.985513768618401453e-01
2.600000000000000000e+02 9.985503639448044533e-01
2.610000000000000000e+02 9.985493481426994666e-01
2.620000000000000000e+02 9.985483297670285641e-01
2.630000000000000000e+02 9.985473091298662229e-01
2.640000000000000000e+02 9.985462865437626512e-01
2.650000000000000000e+02 9.985452623216445334e-01
2.660000000000000000e+02 9.985442367767176641e-01
2.670000000000000000e+02 9.985432102223740225e-01
2.680000000000000000e+02 9.985421829720894094e-01
2.690000000000000000e+02 9.985411553393307438e-01
2.700000000000000000e+02 9.985404281029840456e-01
2.710000000000000000e+02 9.985404340961229197e-01
2.720000000000000000e+02 9.985404399599353553e-01
2.730000000000000000e+02 9.985404456872791767e-01
2.740000000000000000e+02 9.985404512711744118e-01
2.750000000000000000e+02 9.985404567048205005e-01
2.760000000000000000e+02 9.985404619815949623e-01
2.770000000000000000e+02 9.985404670950708272e-01
2.780000000000000000e+02 9.985404720390164135e-01
2.790000000000000000e+02 9.985404768074092052e-01
2.800000000000000000e+02 9.985404813944394053e-01
2.810000000000000000e+02 9.985404857945189283e-01
2.820000000000000000e+02 9.985404900022865071e-01
2.830000000000000000e+02 9.985404940126157980e-01
2.840000000000000000e+02 9.985404978206197102e-01
2.850000000000000000e+02 9.985405014216608421e-01
2.860000000000000000e+02 9.985405048113502602e-01
2.870000000000000000e+02 9.985405079855590449e-01
2.880000000000000000e+02 9.985405109404196233e-01
2.890000000000000000e+02 9.985405136723313202e-01
2.900000000000000000e+02 9.985405161779665750e-01
2.910000000000000000e+02 9.985405184542727186e-01
2.920000000000000000e+02 9.985405204984759697e-01
2.930000000000000000e+02 9.985405223080855430e-01
2.940000000000000000e+02 9.985405238808970907e-01
2.950000000000000000e+02 9.985405252149948119e-01
2.960000000000000000e+02 9.985405263087521188e-01
2.970000000000000000e+02 9.985405271608380762e-01
2.980000000000000000e+02 9.985405277702131821e-01
2.990000000000000000e+02 9.985405281361352525e-01
3.000000000000000000e+02 9.985405282581587549e-01
3.010000000000000000e+02 9.985405281361352525e-01
3.020000000000000000e+02 9.985405277702129601e-01
3.030000000000000000e+02 9.985405271608380762e-01
3.040000000000000000e+02 9.985405263087523409e-01
3.050000000000000000e+02 9.985405252149950339e-01
3.060000000000000000e+02 9.985405238808970907e-01
3.070000000000000000e+02 9.985405223080855430e-01
3.080000000000000000e+02 9.985405204984759697e-01
3.090000000000000000e+02 9.985405184542728296e-01
3.100000000000000000e+02 9.985405161779665750e-01
3.110000000000000000e+02 9.985405136723313202e-01
3.120000000000000000e+02 9.985405109404197344e-01
3.130000000000000000e+02 9.985405079855592669e-01
3.140000000000000000e+02 9.985405048113503712e-01
3.150000000000000000e+02 9.985405014216607311e-01
3.160000000000000000e+02 9.985404978206195992e-01
3.170000000000000000e+02 9.985404940126156870e-01
3.180000000000000000e+02 9.985404900022863961e-01
3.190000000000000000e+02 9.985404857945189283e-01
3.200000000000000000e+02 9.985404813944392943e-01
3.210000000000000000e+02 9.985404768074094273e-01
3.220000000000000000e+02 9.985404720390163025e-01
3.230000000000000000e+02 9.985404670950707162e-01
3.240000000000000000e+02 9.985404619815950733e-01
3.250000000000000000e+02 9.985404567048206115e-01
3.260000000000000000e+02 9.985404512711745229e-01
3.270000000000000000e+02 9.985404456872790657e-01
3.280000000000000000e+02 9.985404399599353553e-01
3.290000000000000000e+02 9.985404340961229197e-01
3.300000000000000000e+02 9.985404281029840456e-01
3.310000000000000000e+02 9.985655990535060589e-01
3.320000000000000000e+02 9.985910629546483896e-01
3.330000000000000000e+02 9.986165115840002215e-01
3.340000000000000000e+02 9.986419371891075425e-01
3.350000000000000000e+02 9.986673320243036889e-01
3.360000000000000000e+02 9.986926883530795607e-01
3.370000000000000000e+02 9.987179984504305219e-01
3.380000000000000000e+02 9.987432546052195104e-01
3.390000000000000000e+02 9.987684491225226058e-01
3.400000000000000000e+02 9.987935743259795940e-01
3.410000000000000000e+02 9.988186225601290991e-01
3.420000000000000000e+02 9.988435861927467130e-01
3.430000000000000000e+02 9.988684576171729113e-01
3.440000000000000000e+02 9.988932292546292002e-01
3.450000000000000000e+02 9.989178935565360407e-01
3.460000000000000000e+02 9.989424430068101213e-01
3.470000000000000000e+02 9.989668701241606330e-01
3.480000000000000000e+02 9.989911674643716655e-01
3.490000000000000000e+02 9.990153276225739454e-01
3.500000000000000000e+02 9.990393432355040293e-01
3.510000000000000000e+02 9.990632069837521723e-01
3.520000000000000000e+02 9.990869115940009815e-01
3.530000000000000000e+02 9.991104498412368695e-01
3.540000000000000000e+02 9.991338145509640611e-01
3.550000000000000000e+02 9.991569986013953963e-01
3.560000000000000000e+02 9.991799949256212621e-01
3.570000000000000000e+02 9.992027965137747492e-01
3.580000000000000000e+02 9.992253964151679435e-01
3.590000000000000000e+02 9.992477877404193354e-01
3.600000000000000000e+02 9.992699636635556937e-01
