0.000000000000000000e+00 9.984816492806268817e-01
1.000000000000000000e+00 9.984816581261575230e-01
2.000000000000000000e+00 9.984816846601630713e-01
3.000000000000000000e+00 9.984817288748984998e-01
4.000000000000000000e+00 9.984817907574508045e-01
5.000000000000000000e+00 9.984818702897484410e-01
6.000000000000000000e+00 9.984819674485646557e-01
7.000000000000000000e+00 9.984820822055233691e-01
8.000000000000000000e+00 9.984822145271058380e-01
9.000000000000000000e+00 9.984823643746584265e-01
1.000000000000000000e+01 9.984825317044039306e-01
1.100000000000000000e+01 9.984827164674525690e-01
1.200000000000000000e+01 9.984829186098133080e-01
1.300000000000000000e+01 9.984831380724064065e-01
1.400000000000000000e+01 9.984833747910840662e-01
1.500000000000000000e+01 9.984836286966376484e-01
1.600000000000000000e+01 9.984838997148228756e-01
1.700000000000000000e+01 9.984841877663750420e-01
1.800000000000000000e+01 9.984844927670321058e-01
1.900000000000000000e+01 9.984848146275503433e-01
2.000000000000000000e+01 9.984851532537343255e-01
2.100000000000000000e+01 9.984855085464533486e-01
2.200000000000000000e+01 9.984858804016756295e-01
2.300000000000000000e+01 9.984862687104866241e-01
2.400000000000000000e+01 9.984866733591208909e-01
2.500000000000000000e+01 9.984870942289905127e-01
2.600000000000000000e+01 9.984875311967178479e-01
2.700000000000000000e+01 9.984879841341608442e-01
2.800000000000000000e+01 9.984884529084540050e-01
2.900000000000000000e+01 9.984889373820370340e-01
3.000000000000000000e+01 9.984894374126934702e-01
3.100000000000000000e+01 9.984899528535837732e-01
3.200000000000000000e+01 9.984904835532881773e-01
3.300000000000000000e+01 9.984910293558426631e-01
3.400000000000000000e+01 9.984915901007800354e-01
3.500000000000000000e+01 9.984921656231732223e-01
3.600000000000000000e+01 9.984927557536774634e-01
3.700000000000000000e+01 9.984933603185728312e-01
3.800000000000000000e+01 9.984939791398124154e-01
3.900000000000000000e+01 9.984946120350697285e-01
4.000000000000000000e+01 9.984952588177823385e-01
4.100000000000000000e+01 9.984959192972059361e-01
4.200000000000000000e+01 9.984965932784607423e-01
4.300000000000000000e+01 9.984972805625877967e-01
4.400000000000000000e+01 9.984979809465983625e-01
4.500000000000000000e+01 9.984986942235276608e-01
4.600000000000000000e+01 9.984994201824930471e-01
4.700000000000000000e+01 9.985001586087473013e-01
4.800000000000000000e+01 9.985009092837392464e-01
4.900000000000000000e+01 9.985016719851694811e-01
5.000000000000000000e+01 9.985024464870543293e-01
5.100000000000000000e+01 9.985032325597817948e-01
5.200000000000000000e+01 9.985040299701776201e-01
5.300000000000000000e+01 9.985048384815680134e-01
5.400000000000000000e+01 9.985056578538445970e-01
5.500000000000000000e+01 9.985064878435268021e-01
5.600000000000000000e+01 9.985073282038330333e-01
5.700000000000000000e+01 9.985081786847449514e-01
5.800000000000000000e+01 9.985090390330798593e-01
5.900000000000000000e+01 9.985099089925566496e-01
6.000000000000000000e+01 9.985107883038689680e-01
6.100000000000000000e+01 9.985116767047589326e-01
6.200000000000000000e+01 9.985125739300864112e-01
6.300000000000000000e+01 9.985134797119068484e-01
6.400000000000000000e+01 9.985143937795426528e-01
6.500000000000000000e+01 9.985153158596621337e-01
6.600000000000000000e+01 9.985162456763557737e-01
6.700000000000000000e+01 9.985171829512142772e-01
6.800000000000000000e+01 9.985181274034059529e-01
6.900000000000000000e+01 9.985190787497609799e-01
7.000000000000000000e+01 9.985200367048455705e-01
7.100000000000000000e+01 9.985210009810493448e-01
7.200000000000000000e+01 9.985219712886646004e-01
7.300000000000000000e+01 9.985229473359705787e-01
7.400000000000000000e+01 9.985239288293199511e-01
7.500000000000000000e+01 9.985249154732180887e-01
7.600000000000000000e+01 9.985259069704133239e-01
7.700000000000000000e+01 9.985269030219857678e-01
7.800000000000000000e+01 9.985279033274283567e-01
7.900000000000000000e+01 9.985289075847366691e-01
8.000000000000000000e+01 9.985299154905015184e-01
8.100000000000000000e+01 9.985309267399944400e-01
8.200000000000000000e+01 9.985319410272597285e-01
8.300000000000000000e+01 9.985329580452019238e-01
8.400000000000000000e+01 9.985339774856821782e-01
8.500000000000000000e+01 9.985349990396059638e-01
8.600000000000000000e+01 9.985360223970169979e-01
8.700000000000000000e+01 9.985370472471901682e-01
8.800000000000000000e+01 9.985380732787246805e-01
8.900000000000000000e+01 9.985391001796385391e-01
9.000000000000000000e+01 9.985401276374605839e-01
9.100000000000000000e+01 9.985404340961226977e-01
9.200000000000000000e+01 9.985404399599352443e-01
9.300000000000000000e+01 9.985404456872790657e-01
9.400000000000000000e+01 9.985404512711746339e-01
9.500000000000000000e+01 9.985404567048202784e-01
9.600000000000000000e+01 9.985404619815950733e-01
9.700000000000000000e+01 9.985404670950706052e-01
9.800000000000000000e+01 9.985404720390163025e-01
9.900000000000000000e+01 9.985404768074092052e-01
1.000000000000000000e+02 9.985404813944394053e-01
1.010000000000000000e+02 9.985404857945185952e-01
1.020000000000000000e+02 9.985404900022865071e-01
1.030000000000000000e+02 9.985404940126156870e-01
1.040000000000000000e+02 9.985404978206198212e-01
1.050000000000000000e+02 9.985405014216607311e-01
1.060000000000000000e+02 9.985405048113503712e-01
1.070000000000000000e+02 9.985405079855592669e-01
1.080000000000000000e+02 9.985405109404197344e-01
1.090000000000000000e+02 9.985405136723313202e-01
1.100000000000000000e+02 9.985405161779665750e-01
1.110000000000000000e+02 9.985405184542727186e-01
1.120000000000000000e+02 9.985405204984759697e-01
1.130000000000000000e+02 9.985405223080856540e-01
1.140000000000000000e+02 9.985405238808973127e-01
1.150000000000000000e+02 9.985405252149950339e-01
1.160000000000000000e+02 9.985405263087522298e-01
1.170000000000000000e+02 9.985405271608380762e-01
1.180000000000000000e+02 9.985405277702131821e-01
1.190000000000000000e+02 9.985405281361352525e-01
1.200000000000000000e+02 9.985405282581587549e-01
1.210000000000000000e+02 9.985405281361352525e-01
1.220000000000000000e+02 9.985405277702132931e-01
1.230000000000000000e+02 9.985405271608380762e-01
1.240000000000000000e+02 9.985405263087521188e-01
1.250000000000000000e+02 9.985405252149950339e-01
1.260000000000000000e+02 9.985405238808970907e-01
1.270000000000000000e+02 9.985405223080856540e-01
1.280000000000000000e+02 9.985405204984759697e-01
1.290000000000000000e+02 9.985405184542728296e-01
1.300000000000000000e+02 9.985405161779666861e-01
1.310000000000000000e+02 9.985405136723313202e-01
1.320000000000000000e+02 9.985405109404197344e-01
1.330000000000000000e+02 9.985405079855593780e-01
1.340000000000000000e+02 9.985405048113503712e-01
1.350000000000000000e+02 9.985405014216609532e-01
1.360000000000000000e+02 9.985404978206197102e-01
1.370000000000000000e+02 9.985404940126157980e-01
1.380000000000000000e+02 9.985404900022863961e-01
1.390000000000000000e+02 9.985404857945187063e-01
1.400000000000000000e+02 9.985404813944394053e-01
1.410000000000000000e+02 9.985404768074092052e-01
1.420000000000000000e+02 9.985404720390163025e-01
1.430000000000000000e+02 9.985404670950706052e-01
1.440000000000000000e+02 9.985404619815949623e-01
1.450000000000000000e+02 9.985404567048203894e-01
1.460000000000000000e+02 9.985404512711744118e-01
1.470000000000000000e+02 9.985404456872790657e-01
1.480000000000000000e+02 9.985404399599350223e-01
1.490000000000000000e+02 9.985404340961229197e-01
1.500000000000000000e+02 9.985401276374601398e-01
1.510000000000000000e+02 9.985146564654615586e-01
1.520000000000000000e+02 9.984891932961643679e-01
1.530000000000000000e+02 9.984637458855629699e-01
1.540000000000000000e+02 9.984383219846266755e-01
1.550000000000000000e+02 9.984129293369455871e-01
1.560000000000000000e+02 9.983875756763648246e-01
1.570000000000000000e+02 9.983622687246368477e-01
1.580000000000000000e+02 9.983370161890673389e-01
1.590000000000000000e+02 9.983118257601709677e-01
1.600000000000000000e+02 9.982867051093254895e-01
1.610000000000000000e+02 9.982616618864470492e-01
1.620000000000000000e+02 9.982367037176529401e-01
1.630000000000000000e+02 9.982118382029477877e-01
1.640000000000000000e+02 9.981870729139087350e-01
1.650000000000000000e+02 9.981624153913810638e-01
1.660000000000000000e+02 9.981378731431882478e-01
1.670000000000000000e+02 9.981134536418467817e-01
1.680000000000000000e+02 9.980891643222942200e-01
1.690000000000000000e+02 9.980650125796263206e-01
1.700000000000000000e+02 9.980410057668552826e-01
1.710000000000000000e+02 9.980171511926675398e-01
1.720000000000000000e+02 9.979934561192050912e-01
1.730000000000000000e+02 9.979699277598609308e-01
1.740000000000000000e+02 9.979465732770834707e-01
1.750000000000000000e+02 9.979233997802022804e-01
1.760000000000000000e+02 9.979004143232679258e-01
1.770000000000000000e+02 9.978776239029069073e-01
1.780000000000000000e+02 9.978550354562003566e-01
1.790000000000000000e+02 9.978326558585740580e-01
1.800000000000000000e+02 9.978104919217141155e-01
1.810000000000000000e+02 9.977885503914931675e-01
1.820000000000000000e+02 9.977668379459265768e-01
1.830000000000000000e+02 9.977453611931427213e-01
1.840000000000000000e+02 9.977241266693787081e-01
1.850000000000000000e+02 9.977031408369947396e-01
1.860000000000000000e+02 9.976824100825157915e-01
1.870000000000000000e+02 9.976619407146888330e-01
1.880000000000000000e+02 9.976417389625725773e-01
1.890000000000000000e+02 9.976218109736449957e-01
1.900000000000000000e+02 9.976021628119392526e-01
1.910000000000000000e+02 9.975828004562058426e-01
1.920000000000000000e+02 9.975637297980949336e-01
1.930000000000000000e+02 9.975449566403732371e-01
1.940000000000000000e+02 9.975264866951609743e-01
1.950000000000000000e+02 9.975083255822041473e-01
1.960000000000000000e+02 9.974904788271645728e-01
1.970000000000000000e+02 9.974729518599491085e-01
1.980000000000000000e+02 9.974557500130629695e-01
1.990000000000000000e+02 9.974388785199903573e-01
2.000000000000000000e+02 9.974223425136101717e-01
2.010000000000000000e+02 9.974061470246403660e-01
2.020000000000000000e+02 9.973902969801133889e-01
2.030000000000000000e+02 9.973747972018801589e-01
2.040000000000000000e+02 9.973596524051522305e-01
2.050000000000000000e+02 9.973448671970726043e-01
2.060000000000000000e+02 9.973304460753185108e-01
2.070000000000000000e+02 9.973163934267382791e-01
2.080000000000000000e+02 9.973027135260241760e-01
2.090000000000000000e+02 9.972894105344174420e-01
2.100000000000000000e+02 9.972764884984451905e-01
2.110000000000000000e+02 9.972639513486953877e-01
2.120000000000000000e+02 9.972518028986314675e-01
2.130000000000000000e+02 9.972400468434300391e-01
2.140000000000000000e+02 9.972286867588665560e-01
2.150000000000000000e+02 9.972177261002300730e-01
2.160000000000000000e+02 9.972071682012784155e-01
2.170000000000000000e+02 9.971970162732292087e-01
2.180000000000000000e+02 9.971872734037851016e-01
2.190000000000000000e+02 9.971779425562006249e-01
2.200000000000000000e+02 9.971690265683862409e-01
2.210000000000000000e+02 9.971605281520459219e-01
2.220000000000000000e+02 9.971524498918593604e-01
2.230000000000000000e+02 9.971447942446993729e-01
2.240000000000000000e+02 9.971375635388837200e-01
2.250000000000000000e+02 9.971307599734775540e-01
2.260000000000000000e+02 9.971243856176218445e-01
2.270000000000000000e+02 9.971184424099089894e-01
2.280000000000000000e+02 9.971129321577988369e-01
2.290000000000000000e+02 9.971078565370667945e-01
2.300000000000000000e+02 9.971032170913000092e-01
2.310000000000000000e+02 9.970990152314280763e-01
2.320000000000000000e+02 9.970952522353001557e-01
2.330000000000000000e+02 9.970919292472917306e-01
2.340000000000000000e+02 9.970890472779646574e-01
2.350000000000000000e+02 9.970866072037575245e-01
2.360000000000000000e+02 9.970846097667219743e-01
2.370000000000000000e+02 9.970830555742956625e-01
2.380000000000000000e+02 9.970819450991237343e-01
2.390000000000000000e+02 9.970812786789099436e-01
2.400000000000000000e+02 9.970810565163179540e-01
2.410000000000000000e+02 9.970812786789098325e-01
2.420000000000000000e+02 9.970819450991229571e-01
2.430000000000000000e+02 9.970830555742961065e-01
2.440000000000000000e+02 9.970846097667216412e-01
2.450000000000000000e+02 9.970866072037578576e-01
2.460000000000000000e+02 9.970890472779654345e-01
2.470000000000000000e+02 9.970919292472920636e-01
2.480000000000000000e+02 9.970952522352998226e-01
2.490000000000000000e+02 9.970990152314281874e-01
2.500000000000000000e+02 9.971032170913001202e-01
2.510000000000000000e+02 9.971078565370666835e-01
2.520000000000000000e+02 9.971129321577986149e-01
2.530000000000000000e+02 9.971184424099091004e-01
2.540000000000000000e+02 9.971243856176211784e-01
2.550000000000000000e+02 9.971307599734772209e-01
2.560000000000000000e+02 9.971375635388836089e-01
2.570000000000000000e+02 9.971447942446990398e-01
2.580000000000000000e+02 9.971524498918599155e-01
2.590000000000000000e+02 9.971605281520460329e-01
2.600000000000000000e+02 9.971690265683860188e-01
2.610000000000000000e+02 9.971779425562007360e-01
2.620000000000000000e+02 9.971872734037846575e-01
2.630000000000000000e+02 9.971970162732288756e-01
2.640000000000000000e+02 9.972071682012785265e-01
2.650000000000000000e+02 9.972177261002302950e-01
2.660000000000000000e+02 9.972286867588661119e-01
2.670000000000000000e+02 9.972400468434301501e-01
2.680000000000000000e+02 9.972518028986318006e-01
2.690000000000000000e+02 9.972639513486954987e-01
2.700000000000000000e+02 9.972764884984446354e-01
2.710000000000000000e+02 9.972894105344178861e-01
2.720000000000000000e+02 9.973027135260243980e-01
2.730000000000000000e+02 9.973163934267387232e-01
2.740000000000000000e+02 9.973304460753186218e-01
2.750000000000000000e+02 9.973448671970731594e-01
2.760000000000000000e+02 9.973596524051524526e-01
2.770000000000000000e+02 9.973747972018801589e-01
2.780000000000000000e+02 9.973902969801131668e-01
2.790000000000000000e+02 9.974061470246404770e-01
2.800000000000000000e+02 9.974223425136101717e-01
2.810000000000000000e+02 9.974388785199906904e-01
2.820000000000000000e+02 9.974557500130631915e-01
2.830000000000000000e+02 9.974729518599491085e-01
2.840000000000000000e+02 9.974904788271644618e-01
2.850000000000000000e+02 9.975083255822039252e-01
2.860000000000000000e+02 9.975264866951608633e-01
2.870000000000000000e+02 9.975449566403729040e-01
2.880000000000000000e+02 9.975637297980948226e-01
2.890000000000000000e+02 9.975828004562055096e-01
2.900000000000000000e+02 9.976021628119391416e-01
2.910000000000000000e+02 9.976218109736449957e-01
2.920000000000000000e+02 9.976417389625726884e-01
2.930000000000000000e+02 9.976619407146883889e-01
2.940000000000000000e+02 9.976824100825159025e-01
2.950000000000000000e+02 9.977031408369945176e-01
2.960000000000000000e+02 9.977241266693788191e-01
2.970000000000000000e+02 9.977453611931422772e-01
2.980000000000000000e+02 9.977668379459262438e-01
2.990000000000000000e+02 9.977885503914932785e-01
3.000000000000000000e+02 9.978104919217144486e-01
3.010000000000000000e+02 9.978326558585739470e-01
3.020000000000000000e+02 9.978550354561995794e-01
3.030000000000000000e+02 9.978776239029066852e-01
3.040000000000000000e+02 9.979004143232678148e-01
3.050000000000000000e+02 9.979233997802022804e-01
3.060000000000000000e+02 9.979465732770838038e-01
3.070000000000000000e+02 9.979699277598608198e-01
3.080000000000000000e+02 9.979934561192048692e-01
3.090000000000000000e+02 9.980171511926673178e-01
3.100000000000000000e+02 9.980410057668555046e-01
3.110000000000000000e+02 9.980650125796265426e-01
3.120000000000000000e+02 9.980891643222937759e-01
3.130000000000000000e+02 9.981134536418470038e-01
3.140000000000000000e+02 9.981378731431884699e-01
3.150000000000000000e+02 9.981624153913810638e-01
3.160000000000000000e+02 9.981870729139084020e-01
3.170000000000000000e+02 9.982118382029477877e-01
3.180000000000000000e+02 9.982367037176524960e-01
3.190000000000000000e+02 9.982616618864467162e-01
3.200000000000000000e+02 9.982867051093252675e-01
3.210000000000000000e+02 9.983118257601709677e-01
3.220000000000000000e+02 9.983370161890676719e-01
3.230000000000000000e+02 9.983622687246372918e-01
3.240000000000000000e+02 9.983875756763650466e-01
3.250000000000000000e+02 9.984129293369455871e-01
3.260000000000000000e+02 9.984383219846265645e-01
3.270000000000000000e+02 9.984637458855628589e-01
3.280000000000000000e+02 9.984891932961643679e-01
3.290000000000000000e+02 9.984899528535838842e-01
3.300000000000000000e+02 9.984894374126933592e-01
3.310000000000000000e+02 9.984889373820372560e-01
3.320000000000000000e+02 9.984884529084541160e-01
3.330000000000000000e+02 9.984879841341604001e-01
3.340000000000000000e+02 9.984875311967175149e-01
3.350000000000000000e+02 9.984870942289905127e-01
3.360000000000000000e+02 9.984866733591210020e-01
3.370000000000000000e+02 9.984862687104868462e-01
3.380000000000000000e+02 9.984858804016757405e-01
3.390000000000000000e+02 9.984855085464533486e-01
3.400000000000000000e+02 9.984851532537339924e-01
3.410000000000000000e+02 9.984848146275501213e-01
3.420000000000000000e+02 9.984844927670319947e-01
3.430000000000000000e+02 9.984841877663754861e-01
3.440000000000000000e+02 9.984838997148226536e-01
3.450000000000000000e+02 9.984836286966372043e-01
3.460000000000000000e+02 9.984833747910839552e-01
3.470000000000000000e+02 9.984831380724067396e-01
3.480000000000000000e+02 9.984829186098129750e-01
3.490000000000000000e+02 9.984827164674521249e-01
3.500000000000000000e+02 9.984825317044041526e-01
3.510000000000000000e+02 9.984823643746584265e-01
3.520000000000000000e+02 9.984822145271056160e-01
3.530000000000000000e+02 9.984820822055239242e-01
3.540000000000000000e+02 9.984819674485647667e-01
3.550000000000000000e+02 9.984818702897486631e-01
3.560000000000000000e+02 9.984817907574504714e-01
3.570000000000000000e+02 9.984817288748987218e-01
3.580000000000000000e+02 9.984816846601631823e-01
3.590000000000000000e+02 9.984816581261574120e-01
3.600000000000000000e+02 9.984816492806268817e-01
