0.000000000000000000e+00 9.984529672312482118e-01
1.000000000000000000e+00 9.984529764019266507e-01
2.000000000000000000e+00 9.984530039112849975e-01
3.000000000000000000e+00 9.984530497512910108e-01
4.000000000000000000e+00 9.984531139085568441e-01
5.000000000000000000e+00 9.984531963643485941e-01
6.000000000000000000e+00 9.984532970945840802e-01
7.000000000000000000e+00 9.984534160698440575e-01
8.000000000000000000e+00 9.984535532553777681e-01
9.000000000000000000e+00 9.984537086111120452e-01
1.000000000000000000e+01 9.984538820916595281e-01
1.100000000000000000e+01 9.984540736463330957e-01
1.200000000000000000e+01 9.984542832191568573e-01
1.300000000000000000e+01 9.984545107488815852e-01
1.400000000000000000e+01 9.984547561689984807e-01
1.500000000000000000e+01 9.984550194077562724e-01
1.600000000000000000e+01 9.984553003881818656e-01
1.700000000000000000e+01 9.984555990280969962e-01
1.800000000000000000e+01 9.984559152401409898e-01
1.900000000000000000e+01 9.984562489317913014e-01
2.000000000000000000e+01 9.984566000053886059e-01
2.100000000000000000e+01 9.984569683581597799e-01
2.200000000000000000e+01 9.984573538822464345e-01
2.300000000000000000e+01 9.984577564647334480e-01
2.400000000000000000e+01 9.984581759876718365e-01
2.500000000000000000e+01 9.984586123281156134e-01
2.600000000000000000e+01 9.984590653581495445e-01
2.700000000000000000e+01 9.984595349449251200e-01
2.800000000000000000e+01 9.984600209506899748e-01
2.900000000000000000e+01 9.984605232328286339e-01
3.000000000000000000e+01 9.984610416438955971e-01
3.100000000000000000e+01 9.984615760316551958e-01
3.200000000000000000e+01 9.984621262391202290e-01
3.300000000000000000e+01 9.984626921045951509e-01
3.400000000000000000e+01 9.984632734617128191e-01
3.500000000000000000e+01 9.984638701394858984e-01
3.600000000000000000e+01 9.984644819623420542e-01
3.700000000000000000e+01 9.984651087501771327e-01
3.800000000000000000e+01 9.984657503183994587e-01
3.900000000000000000e+01 9.984664064779795734e-01
4.000000000000000000e+01 9.984670770354988623e-01
4.100000000000000000e+01 9.984677617931996263e-01
4.200000000000000000e+01 9.984684605490401488e-01
4.300000000000000000e+01 9.984691730967484302e-01
4.400000000000000000e+01 9.984698992258714823e-01
4.500000000000000000e+01 9.984706387218398316e-01
4.600000000000000000e+01 9.984713913660167028e-01
4.700000000000000000e+01 9.984721569357629667e-01
4.800000000000000000e+01 9.984729352044926509e-01
4.900000000000000000e+01 9.984737259417354460e-01
5.000000000000000000e+01 9.984745289132000989e-01
5.100000000000000000e+01 9.984753438808349202e-01
5.200000000000000000e+01 9.984761706028950634e-01
5.300000000000000000e+01 9.984770088340060301e-01
5.400000000000000000e+01 9.984778583252337247e-01
5.500000000000000000e+01 9.984787188241482925e-01
5.600000000000000000e+01 9.984795900748960618e-01
5.700000000000000000e+01 9.984804718182688221e-01
5.800000000000000000e+01 9.984813637917759888e-01
5.900000000000000000e+01 9.984822657297171000e-01
6.000000000000000000e+01 9.984831773632548702e-01
6.100000000000000000e+01 9.984840984204884640e-01
6.200000000000000000e+01 9.984850286265345432e-01
6.300000000000000000e+01 9.984859677035967662e-01
6.400000000000000000e+01 9.984869153710496104e-01
6.500000000000000000e+01 9.984878713455141996e-01
6.600000000000000000e+01 9.984888353409374639e-01
6.700000000000000000e+01 9.984898070686777372e-01
6.800000000000000000e+01 9.984907862375803633e-01
6.900000000000000000e+01 9.984917725540639610e-01
7.000000000000000000e+01 9.984927657222060216e-01
7.100000000000000000e+01 9.984937654438224008e-01
7.200000000000000000e+01 9.984947714185553602e-01
7.300000000000000000e+01 9.984957833439637165e-01
7.400000000000000000e+01 9.984968009156014457e-01
7.500000000000000000e+01 9.984978238271161599e-01
7.600000000000000000e+01 9.984988517703298205e-01
7.700000000000000000e+01 9.984998844353315528e-01
7.800000000000000000e+01 9.985009215105689062e-01
7.900000000000000000e+01 9.985019626829378936e-01
8.000000000000000000e+01 9.985030076378751396e-01
8.100000000000000000e+01 9.985040560594518055e-01
8.200000000000000000e+01 9.985051076304635176e-01
8.300000000000000000e+01 9.985061620325287324e-01
8.400000000000000000e+01 9.985072189461822179e-01
8.500000000000000000e+01 9.985082780509649814e-01
8.600000000000000000e+01 9.985093390255281864e-01
8.700000000000000000e+01 9.985104015477260786e-01
8.800000000000000000e+01 9.985114652947103542e-01
8.900000000000000000e+01 9.985125299430310797e-01
9.000000000000000000e+01 9.985135951687313938e-01
9.100000000000000000e+01 9.985139128923752327e-01
9.200000000000000000e+01 9.985139189717334718e-01
9.300000000000000000e+01 9.985139249096063319e-01
9.400000000000000000e+01 9.985139306987580454e-01
9.500000000000000000e+01 9.985139363321365868e-01
9.600000000000000000e+01 9.985139418028782243e-01
9.700000000000000000e+01 9.985139471043171788e-01
9.800000000000000000e+01 9.985139522299953940e-01
9.900000000000000000e+01 9.985139571736676434e-01
1.000000000000000000e+02 9.985139619293107449e-01
1.010000000000000000e+02 9.985139664911309998e-01
1.020000000000000000e+02 9.985139708535697434e-01
1.030000000000000000e+02 9.985139750113127821e-01
1.040000000000000000e+02 9.985139789592939463e-01
1.050000000000000000e+02 9.985139826927041939e-01
1.060000000000000000e+02 9.985139862069939420e-01
1.070000000000000000e+02 9.985139894978816155e-01
1.080000000000000000e+02 9.985139925613586431e-01
1.090000000000000000e+02 9.985139953936915669e-01
1.100000000000000000e+02 9.985139979914304798e-01
1.110000000000000000e+02 9.985140003514104690e-01
1.120000000000000000e+02 9.985140024707551687e-01
1.130000000000000000e+02 9.985140043468838655e-01
1.140000000000000000e+02 9.985140059775099441e-01
1.150000000000000000e+02 9.985140073606467714e-01
1.160000000000000000e+02 9.985140084946093619e-01
1.170000000000000000e+02 9.985140093780162651e-01
1.180000000000000000e+02 9.985140100097911198e-01
1.190000000000000000e+02 9.985140103891645413e-01
1.200000000000000000e+02 9.985140105156731227e-01
1.210000000000000000e+02 9.985140103891645413e-01
1.220000000000000000e+02 9.985140100097912308e-01
1.230000000000000000e+02 9.985140093780163761e-01
1.240000000000000000e+02 9.985140084946094730e-01
1.250000000000000000e+02 9.985140073606468825e-01
1.260000000000000000e+02 9.985140059775100552e-01
1.270000000000000000e+02 9.985140043468839766e-01
1.280000000000000000e+02 9.985140024707552797e-01
1.290000000000000000e+02 9.985140003514102469e-01
1.300000000000000000e+02 9.985139979914305908e-01
1.310000000000000000e+02 9.985139953936916779e-01
1.320000000000000000e+02 9.985139925613584211e-01
1.330000000000000000e+02 9.985139894978816155e-01
1.340000000000000000e+02 9.985139862069939420e-01
1.350000000000000000e+02 9.985139826927041939e-01
1.360000000000000000e+02 9.985139789592940573e-01
1.370000000000000000e+02 9.985139750113126711e-01
1.380000000000000000e+02 9.985139708535699654e-01
1.390000000000000000e+02 9.985139664911308888e-01
1.400000000000000000e+02 9.985139619293107449e-01
1.410000000000000000e+02 9.985139571736675324e-01
1.420000000000000000e+02 9.985139522299953940e-01
1.430000000000000000e+02 9.985139471043172898e-01
1.440000000000000000e+02 9.985139418028781133e-01
1.450000000000000000e+02 9.985139363321364758e-01
1.460000000000000000e+02 9.985139306987579344e-01
1.470000000000000000e+02 9.985139249096062208e-01
1.480000000000000000e+02 9.985139189717338049e-01
1.490000000000000000e+02 9.985139128923753438e-01
1.500000000000000000e+02 9.985135951687311717e-01
1.510000000000000000e+02 9.984876612027983045e-01
1.520000000000000000e+02 9.984617353895048897e-01
1.530000000000000000e+02 9.984358256257591657e-01
1.540000000000000000e+02 9.984099398033484674e-01
1.550000000000000000e+02 9.983840858065362589e-01
1.560000000000000000e+02 9.983582715096668281e-01
1.570000000000000000e+02 9.983325047747596548e-01
1.580000000000000000e+02 9.983067934491215434e-01
1.590000000000000000e+02 9.982811453629584220e-01
1.600000000000000000e+02 9.982555683269884739e-01
1.610000000000000000e+02 9.982300701300683698e-01
1.620000000000000000e+02 9.982046585368228309e-01
1.630000000000000000e+02 9.981793412852798530e-01
1.640000000000000000e+02 9.981541260845216978e-01
1.650000000000000000e+02 9.981290206123348829e-01
1.660000000000000000e+02 9.981040325128791579e-01
1.670000000000000000e+02 9.980791693943595888e-01
1.680000000000000000e+02 9.980544388267156286e-01
1.690000000000000000e+02 9.980298483393187370e-01
1.700000000000000000e+02 9.980054054186837664e-01
1.710000000000000000e+02 9.979811175061933382e-01
1.720000000000000000e+02 9.979569919958338753e-01
1.730000000000000000e+02 9.979330362319541736e-01
1.740000000000000000e+02 9.979092575070263038e-01
1.750000000000000000e+02 9.978856630594378219e-01
1.760000000000000000e+02 9.978622600712862001e-01
1.770000000000000000e+02 9.978390556662020128e-01
1.780000000000000000e+02 9.978160569071810038e-01
1.790000000000000000e+02 9.977932707944426882e-01
1.800000000000000000e+02 9.977707042633034984e-01
1.810000000000000000e+02 9.977483641820694693e-01
1.820000000000000000e+02 9.977262573499521281e-01
1.830000000000000000e+02 9.977043904950058106e-01
1.840000000000000000e+02 9.976827702720835189e-01
1.850000000000000000e+02 9.976614032608165372e-01
1.860000000000000000e+02 9.976402959636218037e-01
1.870000000000000000e+02 9.976194548037218279e-01
1.880000000000000000e+02 9.975988861232035765e-01
1.890000000000000000e+02 9.975785961810874625e-01
1.900000000000000000e+02 9.975585911514331938e-01
1.910000000000000000e+02 9.975388771214638295e-01
1.920000000000000000e+02 9.975194600897224761e-01
1.930000000000000000e+02 9.975003459642525216e-01
1.940000000000000000e+02 9.974815405608011831e-01
1.950000000000000000e+02 9.974630496010632452e-01
1.960000000000000000e+02 9.974448787109414516e-01
1.970000000000000000e+02 9.974270334188417575e-01
1.980000000000000000e+02 9.974095191540005567e-01
1.990000000000000000e+02 9.973923412448318926e-01
2.000000000000000000e+02 9.973755049173208542e-01
2.010000000000000000e+02 9.973590152934328490e-01
2.020000000000000000e+02 9.973428773895656185e-01
2.030000000000000000e+02 9.973270961150283442e-01
2.040000000000000000e+02 9.973116762705515059e-01
2.050000000000000000e+02 9.972966225468341550e-01
2.060000000000000000e+02 9.972819395231250494e-01
2.070000000000000000e+02 9.972676316658322104e-01
2.080000000000000000e+02 9.972537033271685614e-01
2.090000000000000000e+02 9.972401587438394222e-01
2.100000000000000000e+02 9.972270020357548725e-01
2.110000000000000000e+02 9.972142372047810843e-01
2.120000000000000000e+02 9.972018681335339529e-01
2.130000000000000000e+02 9.971898985841954888e-01
2.140000000000000000e+02 9.971783321973822778e-01
2.150000000000000000e+02 9.971671724910363688e-01
2.160000000000000000e+02 9.971564228593667867e-01
2.170000000000000000e+02 9.971460865718155819e-01
2.180000000000000000e+02 9.971361667720726185e-01
2.190000000000000000e+02 9.971266664771200050e-01
2.200000000000000000e+02 9.971175885763230440e-01
2.210000000000000000e+02 9.971089358305545991e-01
2.220000000000000000e+02 9.971007108713551004e-01
2.230000000000000000e+02 9.970929162001397339e-01
2.240000000000000000e+02 9.970855541874433792e-01
2.250000000000000000e+02 9.970786270721986311e-01
2.260000000000000000e+02 9.970721369610602292e-01
2.270000000000000000e+02 9.970660858277682337e-01
2.280000000000000000e+02 9.970604755125487273e-01
2.290000000000000000e+02 9.970553077215590365e-01
2.300000000000000000e+02 9.970505840263709230e-01
2.310000000000000000e+02 9.970463058634942977e-01
2.320000000000000000e+02 9.970424745339411254e-01
2.330000000000000000e+02 9.970390912028365138e-01
2.340000000000000000e+02 9.970361568990605550e-01
2.350000000000000000e+02 9.970336725149402390e-01
2.360000000000000000e+02 9.970316388059810020e-01
2.370000000000000000e+02 9.970300563906335789e-01
2.380000000000000000e+02 9.970289257501084856e-01
2.390000000000000000e+02 9.970282472282331332e-01
2.400000000000000000e+02 9.970280210313461344e-01
2.410000000000000000e+02 9.970282472282339103e-01
2.420000000000000000e+02 9.970289257501085967e-01
2.430000000000000000e+02 9.970300563906336899e-01
2.440000000000000000e+02 9.970316388059810020e-01
2.450000000000000000e+02 9.970336725149397950e-01
2.460000000000000000e+02 9.970361568990603329e-01
2.470000000000000000e+02 9.970390912028359587e-01
2.480000000000000000e+02 9.970424745339404593e-01
2.490000000000000000e+02 9.970463058634940756e-01
2.500000000000000000e+02 9.970505840263710340e-01
2.510000000000000000e+02 9.970553077215590365e-01
2.520000000000000000e+02 9.970604755125487273e-01
2.530000000000000000e+02 9.970660858277677896e-01
2.540000000000000000e+02 9.970721369610602292e-01
2.550000000000000000e+02 9.970786270721990752e-01
2.560000000000000000e+02 9.970855541874439343e-01
2.570000000000000000e+02 9.970929162001402890e-01
2.580000000000000000e+02 9.971007108713546563e-01
2.590000000000000000e+02 9.971089358305544881e-01
2.600000000000000000e+02 9.971175885763234881e-01
2.610000000000000000e+02 9.971266664771196719e-01
2.620000000000000000e+02 9.971361667720725075e-01
2.630000000000000000e+02 9.971460865718156930e-01
2.640000000000000000e+02 9.971564228593664536e-01
2.650000000000000000e+02 9.971671724910362578e-01
2.660000000000000000e+02 9.971783321973821668e-01
2.670000000000000000e+02 9.971898985841954888e-01
2.680000000000000000e+02 9.972018681335336199e-01
2.690000000000000000e+02 9.972142372047811953e-01
2.700000000000000000e+02 9.972270020357553166e-01
2.710000000000000000e+02 9.972401587438390891e-01
2.720000000000000000e+02 9.972537033271686724e-01
2.730000000000000000e+02 9.972676316658319884e-01
2.740000000000000000e+02 9.972819395231251605e-01
2.750000000000000000e+02 9.972966225468342660e-01
2.760000000000000000e+02 9.973116762705513949e-01
2.770000000000000000e+02 9.973270961150286773e-01
2.780000000000000000e+02 9.973428773895660626e-01
2.790000000000000000e+02 9.973590152934334041e-01
2.800000000000000000e+02 9.973755049173202991e-01
2.810000000000000000e+02 9.973923412448322257e-01
2.820000000000000000e+02 9.974095191540001126e-01
2.830000000000000000e+02 9.974270334188423126e-01
2.840000000000000000e+02 9.974448787109415626e-01
2.850000000000000000e+02 9.974630496010629122e-01
2.860000000000000000e+02 9.974815405608012941e-01
2.870000000000000000e+02 9.975003459642524106e-01
2.880000000000000000e+02 9.975194600897231423e-01
2.890000000000000000e+02 9.975388771214636074e-01
2.900000000000000000e+02 9.975585911514334159e-01
2.910000000000000000e+02 9.975785961810874625e-01
2.920000000000000000e+02 9.975988861232040206e-01
2.930000000000000000e+02 9.976194548037220500e-01
2.940000000000000000e+02 9.976402959636221368e-01
2.950000000000000000e+02 9.976614032608166482e-01
2.960000000000000000e+02 9.976827702720829638e-01
2.970000000000000000e+02 9.977043904950060327e-01
2.980000000000000000e+02 9.977262573499515730e-01
2.990000000000000000e+02 9.977483641820691362e-01
3.000000000000000000e+02 9.977707042633036094e-01
3.010000000000000000e+02 9.977932707944432433e-01
3.020000000000000000e+02 9.978160569071811148e-01
3.030000000000000000e+02 9.978390556662020128e-01
3.040000000000000000e+02 9.978622600712867552e-01
3.050000000000000000e+02 9.978856630594375998e-01
3.060000000000000000e+02 9.979092575070265259e-01
3.070000000000000000e+02 9.979330362319536185e-01
3.080000000000000000e+02 9.979569919958335422e-01
3.090000000000000000e+02 9.979811175061930051e-01
3.100000000000000000e+02 9.980054054186845436e-01
3.110000000000000000e+02 9.980298483393187370e-01
3.120000000000000000e+02 9.980544388267156286e-01
3.130000000000000000e+02 9.980791693943602549e-01
3.140000000000000000e+02 9.981040325128789359e-01
3.150000000000000000e+02 9.981290206123346609e-01
3.160000000000000000e+02 9.981541260845219199e-01
3.170000000000000000e+02 9.981793412852790759e-01
3.180000000000000000e+02 9.982046585368227198e-01
3.190000000000000000e+02 9.982300701300681478e-01
3.200000000000000000e+02 9.982555683269889180e-01
3.210000000000000000e+02 9.982811453629584220e-01
3.220000000000000000e+02 9.983067934491212103e-01
3.230000000000000000e+02 9.983325047747595438e-01
3.240000000000000000e+02 9.983582715096666060e-01
3.250000000000000000e+02 9.983840858065363699e-01
3.260000000000000000e+02 9.984099398033479122e-01
3.270000000000000000e+02 9.984358256257596098e-01
3.280000000000000000e+02 9.984617353895054448e-01
3.290000000000000000e+02 9.984615760316551958e-01
3.300000000000000000e+02 9.984610416438954861e-01
3.310000000000000000e+02 9.984605232328283009e-01
3.320000000000000000e+02 9.984600209506898638e-01
3.330000000000000000e+02 9.984595349449255641e-01
3.340000000000000000e+02 9.984590653581498776e-01
3.350000000000000000e+02 9.984586123281159464e-01
3.360000000000000000e+02 9.984581759876720586e-01
3.370000000000000000e+02 9.984577564647330039e-01
3.380000000000000000e+02 9.984573538822471006e-01
3.390000000000000000e+02 9.984569683581591137e-01
3.400000000000000000e+02 9.984566000053884949e-01
3.410000000000000000e+02 9.984562489317913014e-01
3.420000000000000000e+02 9.984559152401411009e-01
3.430000000000000000e+02 9.984555990280975513e-01
3.440000000000000000e+02 9.984553003881815325e-01
3.450000000000000000e+02 9.984550194077561613e-01
3.460000000000000000e+02 9.984547561689982587e-01
3.470000000000000000e+02 9.984545107488819182e-01
3.480000000000000000e+02 9.984542832191565243e-01
3.490000000000000000e+02 9.984540736463329846e-01
3.500000000000000000e+02 9.984538820916591950e-01
3.510000000000000000e+02 9.984537086111117121e-01
3.520000000000000000e+02 9.984535532553781012e-01
3.530000000000000000e+02 9.984534160698436134e-01
3.540000000000000000e+02 9.984532970945840802e-01
3.550000000000000000e+02 9.984531963643484831e-01
3.560000000000000000e+02 9.984531139085571771e-01
3.570000000000000000e+02 9.984530497512914549e-01
3.580000000000000000e+02 9.984530039112849975e-01
3.590000000000000000e+02 9.984529764019273168e-01
3.600000000000000000e+02 9.984529672312482118e-01
