0.000000000000000000e+00 6.009753980876212154e+04
1.000000000000000000e+00 6.009754036075116892e+04
2.000000000000000000e+00 6.009759487479964446e+04
3.000000000000000000e+00 6.010121111893179477e+04
4.000000000000000000e+00 6.010121139351069723e+04
5.000000000000000000e+00 6.010121165608869342e+04
6.000000000000000000e+00 6.010121190634592494e+04
7.000000000000000000e+00 6.010121214397745644e+04
8.000000000000000000e+00 6.010121236869382119e+04
9.000000000000000000e+00 6.010121258022118855e+04
1.000000000000000000e+01 6.010121277830183681e+04
1.100000000000000000e+01 6.010121296269448794e+04
1.200000000000000000e+01 6.010121313317443128e+04
1.300000000000000000e+01 6.009760640459884598e+04
1.400000000000000000e+01 6.010121328953401098e+04
1.500000000000000000e+01 6.010121343158272794e+04
1.600000000000000000e+01 6.010121355914745072e+04
1.700000000000000000e+01 6.010121367207284493e+04
1.800000000000000000e+01 6.010121377022127854e+04
1.900000000000000000e+01 6.010121385347317846e+04
2.000000000000000000e+01 6.010121392172711785e+04
2.100000000000000000e+01 6.010121397489994706e+04
2.200000000000000000e+01 6.010121401292688097e+04
2.300000000000000000e+01 6.010121403576161538e+04
2.400000000000000000e+01 6.009761901892211608e+04
2.500000000000000000e+01 6.010121404337624699e+04
2.600000000000000000e+01 6.010121403576161538e+04
2.700000000000000000e+01 6.010121401292688824e+04
2.800000000000000000e+01 6.010121397489995434e+04
2.900000000000000000e+01 6.010121392172712513e+04
3.000000000000000000e+01 6.010121385347318574e+04
3.100000000000000000e+01 6.010121377022128581e+04
3.200000000000000000e+01 6.010121367207285221e+04
3.300000000000000000e+01 6.010121355914745800e+04
3.400000000000000000e+01 6.010121343158271338e+04
3.500000000000000000e+01 6.009763271408282162e+04
3.600000000000000000e+01 6.010121328953401826e+04
3.700000000000000000e+01 6.010121313317443855e+04
3.800000000000000000e+01 6.010121296269448067e+04
3.900000000000000000e+01 6.010121277830183681e+04
4.000000000000000000e+01 6.010121258022118855e+04
4.100000000000000000e+01 6.010121236869382119e+04
4.200000000000000000e+01 6.010121214397746371e+04
4.300000000000000000e+01 6.010121190634591767e+04
4.400000000000000000e+01 6.010121165608870797e+04
4.500000000000000000e+01 6.010121139351068996e+04
4.600000000000000000e+01 6.009764748607775982e+04
4.700000000000000000e+01 6.010121111893179477e+04
4.800000000000000000e+01 6.010121083268656366e+04
4.900000000000000000e+01 6.010121053512375511e+04
5.000000000000000000e+01 6.010121022660588642e+04
5.100000000000000000e+01 6.010120990750884812e+04
5.200000000000000000e+01 6.010120957822138735e+04
5.300000000000000000e+01 6.010120923914470040e+04
5.400000000000000000e+01 6.010120889069193072e+04
5.500000000000000000e+01 6.010120853328756493e+04
5.600000000000000000e+01 6.010120816736706183e+04
5.700000000000000000e+01 6.009766333058817690e+04
5.800000000000000000e+01 6.010118904337623826e+04
5.900000000000000000e+01 6.009962806125986390e+04
6.000000000000000000e+01 6.009806756985611719e+04
6.100000000000000000e+01 6.009650804448497365e+04
6.200000000000000000e+01 6.009494996015821380e+04
6.300000000000000000e+01 6.009339379143473343e+04
6.400000000000000000e+01 6.009184001227637782e+04
6.500000000000000000e+01 6.009028909590317198e+04
6.600000000000000000e+01 6.008874151464956958e+04
6.700000000000000000e+01 6.008719773982070183e+04
6.800000000000000000e+01 6.009768024298099772e+04
6.900000000000000000e+01 6.008565824154873553e+04
7.000000000000000000e+01 6.008412348864996602e+04
7.100000000000000000e+01 6.008259394848215743e+04
7.200000000000000000e+01 6.008107008680220315e+04
7.300000000000000000e+01 6.007955236762473214e+04
7.400000000000000000e+01 6.007804125308065704e+04
7.500000000000000000e+01 6.007653720327687915e+04
7.600000000000000000e+01 6.007504067615616077e+04
7.700000000000000000e+01 6.007355212735803070e+04
7.800000000000000000e+01 6.007207201008022093e+04
7.900000000000000000e+01 6.009769821830988076e+04
8.000000000000000000e+01 6.007060077494086727e+04
8.100000000000000000e+01 6.006913886984159763e+04
8.200000000000000000e+01 6.006768673983120971e+04
8.300000000000000000e+01 6.006624482697078929e+04
8.400000000000000000e+01 6.006481357019893039e+04
8.500000000000000000e+01 6.006339340519884718e+04
8.600000000000000000e+01 6.006198476426560228e+04
8.700000000000000000e+01 6.006058807617511775e+04
8.800000000000000000e+01 6.005920376605365163e+04
8.900000000000000000e+01 6.005783225524893351e+04
9.000000000000000000e+01 6.009771725131651328e+04
9.100000000000000000e+01 6.005647396120211488e+04
9.200000000000000000e+01 6.005512929732097837e+04
9.300000000000000000e+01 6.005379867285443470e+04
9.400000000000000000e+01 6.005248249276840215e+04
9.500000000000000000e+01 6.005118115762278467e+04
9.600000000000000000e+01 6.004989506344982510e+04
9.700000000000000000e+01 6.004862460163417563e+04
9.800000000000000000e+01 6.004737015879375394e+04
9.900000000000000000e+01 6.004613211666284769e+04
1.000000000000000000e+02 6.004491085197592474e+04
1.010000000000000000e+02 6.009773733643191372e+04
1.020000000000000000e+02 6.004370673635363346e+04
1.030000000000000000e+02 6.004252013618983619e+04
1.040000000000000000e+02 6.004135141254071641e+04
1.050000000000000000e+02 6.004020092101520277e+04
1.060000000000000000e+02 6.003906901166687021e+04
1.070000000000000000e+02 6.003795602888821304e+04
1.080000000000000000e+02 6.003686231130594388e+04
1.090000000000000000e+02 6.003578819167838083e+04
1.100000000000000000e+02 6.003473399679475551e+04
1.110000000000000000e+02 6.003370004737574345e+04
1.120000000000000000e+02 6.009754201655717043e+04
1.130000000000000000e+02 6.009775846777790139e+04
1.140000000000000000e+02 6.003268665797675203e+04
1.150000000000000000e+02 6.003169413689218345e+04
1.160000000000000000e+02 6.003072278606224427e+04
1.170000000000000000e+02 6.002977290098142112e+04
1.180000000000000000e+02 6.002884477060876816e+04
1.190000000000000000e+02 6.002793867728048644e+04
1.200000000000000000e+02 6.002705489662451146e+04
1.210000000000000000e+02 6.002619369747681776e+04
1.220000000000000000e+02 6.002535534179989918e+04
1.230000000000000000e+02 6.002454008460378827e+04
1.240000000000000000e+02 6.009778063916849351e+04
1.250000000000000000e+02 6.002374817386851646e+04
1.260000000000000000e+02 6.002297985046899703e+04
1.270000000000000000e+02 6.002223534810237470e+04
1.280000000000000000e+02 6.002151489321680856e+04
1.290000000000000000e+02 6.002081870494336181e+04
1.300000000000000000e+02 6.002014699502923031e+04
1.310000000000000000e+02 6.001949996777403430e+04
1.320000000000000000e+02 6.001887781996760896e+04
1.330000000000000000e+02 6.001828074083066167e+04
1.340000000000000000e+02 6.001770891195729200e+04
1.350000000000000000e+02 6.009780384411162231e+04
1.360000000000000000e+02 6.001716250726026919e+04
1.370000000000000000e+02 6.001664169291829603e+04
1.380000000000000000e+02 6.001614662732549186e+04
1.390000000000000000e+02 6.001567746104364778e+04
1.400000000000000000e+02 6.001523433675678098e+04
1.410000000000000000e+02 6.001481738922769728e+04
1.420000000000000000e+02 6.001442674525729672e+04
1.430000000000000000e+02 6.001406252364625834e+04
1.440000000000000000e+02 6.001372483515898784e+04
1.450000000000000000e+02 6.001341378249018453e+04
1.460000000000000000e+02 6.009782807581086672e+04
1.470000000000000000e+02 6.001312946023376571e+04
1.480000000000000000e+02 6.001287195485419215e+04
1.490000000000000000e+02 6.001264134466021642e+04
1.500000000000000000e+02 6.001243769978146156e+04
1.510000000000000000e+02 6.001226108214688429e+04
1.520000000000000000e+02 6.001211154546622129e+04
1.530000000000000000e+02 6.001198913521382929e+04
1.540000000000000000e+02 6.001189388861466432e+04
1.550000000000000000e+02 6.001182583463309129e+04
1.560000000000000000e+02 6.001178499396430561e+04
1.570000000000000000e+02 6.009785332716678386e+04
1.580000000000000000e+02 6.001177137902795948e+04
1.590000000000000000e+02 6.001178499396434927e+04
1.600000000000000000e+02 6.001182583463309857e+04
1.610000000000000000e+02 6.001189388861467160e+04
1.620000000000000000e+02 6.001198913521382929e+04
1.630000000000000000e+02 6.001211154546619218e+04
1.640000000000000000e+02 6.001226108214686974e+04
1.650000000000000000e+02 6.001243769978142518e+04
1.660000000000000000e+02 6.001264134466017276e+04
1.670000000000000000e+02 6.001287195485418488e+04
1.680000000000000000e+02 6.009787959077919368e+04
1.690000000000000000e+02 6.001312946023377299e+04
1.700000000000000000e+02 6.001341378249018453e+04
1.710000000000000000e+02 6.001372483515898784e+04
1.720000000000000000e+02 6.001406252364622924e+04
1.730000000000000000e+02 6.001442674525729672e+04
1.740000000000000000e+02 6.001481738922772638e+04
1.750000000000000000e+02 6.001523433675681736e+04
1.760000000000000000e+02 6.001567746104367689e+04
1.770000000000000000e+02 6.001614662732546276e+04
1.780000000000000000e+02 6.001664169291828875e+04
1.790000000000000000e+02 6.009790685894877970e+04
1.800000000000000000e+02 6.001716250726029102e+04
1.810000000000000000e+02 6.001770891195727745e+04
1.820000000000000000e+02 6.001828074083065439e+04
1.830000000000000000e+02 6.001887781996761623e+04
1.840000000000000000e+02 6.001949996777401248e+04
1.850000000000000000e+02 6.002014699502922304e+04
1.860000000000000000e+02 6.002081870494335453e+04
1.870000000000000000e+02 6.002151489321680856e+04
1.880000000000000000e+02 6.002223534810235287e+04
1.890000000000000000e+02 6.002297985046900430e+04
1.900000000000000000e+02 6.009793512367931544e+04
1.910000000000000000e+02 6.002374817386854556e+04
1.920000000000000000e+02 6.002454008460376645e+04
1.930000000000000000e+02 6.002535534179990645e+04
1.940000000000000000e+02 6.002619369747680321e+04
1.950000000000000000e+02 6.002705489662451873e+04
1.960000000000000000e+02 6.002793867728049372e+04
1.970000000000000000e+02 6.002884477060876088e+04
1.980000000000000000e+02 6.002977290098143567e+04
1.990000000000000000e+02 6.003072278606227337e+04
2.000000000000000000e+02 6.003169413689221983e+04
2.010000000000000000e+02 6.009796437667938881e+04
2.020000000000000000e+02 6.003268665797672293e+04
2.030000000000000000e+02 6.003370004737576528e+04
2.040000000000000000e+02 6.003473399679472641e+04
2.050000000000000000e+02 6.003578819167841721e+04
2.060000000000000000e+02 6.003686231130595115e+04
2.070000000000000000e+02 6.003795602888819121e+04
2.080000000000000000e+02 6.003906901166687749e+04
2.090000000000000000e+02 6.004020092101519549e+04
2.100000000000000000e+02 6.004135141254075279e+04
2.110000000000000000e+02 6.004252013618982164e+04
2.120000000000000000e+02 6.009799460936489049e+04
2.130000000000000000e+02 6.004370673635364801e+04
2.140000000000000000e+02 6.004491085197592474e+04
2.150000000000000000e+02 6.004613211666286952e+04
2.160000000000000000e+02 6.004737015879376122e+04
2.170000000000000000e+02 6.004862460163419746e+04
2.180000000000000000e+02 6.004989506344983238e+04
2.190000000000000000e+02 6.005118115762275556e+04
2.200000000000000000e+02 6.005248249276841671e+04
2.210000000000000000e+02 6.005379867285439832e+04
2.220000000000000000e+02 6.005512929732095654e+04
2.230000000000000000e+02 6.009754477569666051e+04
2.240000000000000000e+02 6.009802581286097120e+04
2.250000000000000000e+02 6.005647396120212215e+04
2.260000000000000000e+02 6.005783225524896261e+04
2.270000000000000000e+02 6.005920376605365891e+04
2.280000000000000000e+02 6.006058807617511775e+04
2.290000000000000000e+02 6.006198476426563138e+04
2.300000000000000000e+02 6.006339340519883262e+04
2.310000000000000000e+02 6.006481357019894494e+04
2.320000000000000000e+02 6.006624482697076019e+04
2.330000000000000000e+02 6.006768673983118788e+04
2.340000000000000000e+02 6.006913886984157580e+04
2.350000000000000000e+02 6.009805797800447908e+04
2.360000000000000000e+02 6.007060077494091820e+04
2.370000000000000000e+02 6.007207201008022093e+04
2.380000000000000000e+02 6.007355212735803070e+04
2.390000000000000000e+02 6.007504067615619715e+04
2.400000000000000000e+02 6.007653720327686460e+04
2.410000000000000000e+02 6.007804125308064249e+04
2.420000000000000000e+02 6.007955236762474669e+04
2.430000000000000000e+02 6.008107008680215949e+04
2.440000000000000000e+02 6.008259394848215015e+04
2.450000000000000000e+02 6.008412348864995147e+04
2.460000000000000000e+02 6.009809109534625168e+04
2.470000000000000000e+02 6.008565824154875736e+04
2.480000000000000000e+02 6.008719773982070183e+04
2.490000000000000000e+02 6.008874151464954775e+04
2.500000000000000000e+02 6.009028909590316471e+04
2.510000000000000000e+02 6.009184001227636327e+04
2.520000000000000000e+02 6.009339379143474071e+04
2.530000000000000000e+02 6.009494996015818469e+04
2.540000000000000000e+02 6.009650804448500276e+04
2.550000000000000000e+02 6.009806756985614629e+04
2.560000000000000000e+02 6.009805797800447908e+04
2.570000000000000000e+02 6.009812515515372070e+04
2.580000000000000000e+02 6.009802581286096392e+04
2.590000000000000000e+02 6.009799460936486867e+04
2.600000000000000000e+02 6.009796437667938153e+04
2.610000000000000000e+02 6.009793512367933727e+04
2.620000000000000000e+02 6.009790685894880153e+04
2.630000000000000000e+02 6.009787959077920823e+04
2.640000000000000000e+02 6.009785332716679841e+04
2.650000000000000000e+02 6.009782807581083762e+04
2.660000000000000000e+02 6.009780384411166597e+04
2.670000000000000000e+02 6.009778063916844985e+04
2.680000000000000000e+02 6.009816014741314575e+04
2.690000000000000000e+02 6.009775846777789411e+04
2.700000000000000000e+02 6.009773733643191372e+04
2.710000000000000000e+02 6.009771725131652056e+04
2.720000000000000000e+02 6.009769821830990986e+04
2.730000000000000000e+02 6.009768024298098317e+04
2.740000000000000000e+02 6.009766333058816963e+04
2.750000000000000000e+02 6.009764748607774527e+04
2.760000000000000000e+02 6.009763271408284345e+04
2.770000000000000000e+02 6.009761901892209426e+04
2.780000000000000000e+02 6.009760640459883871e+04
2.790000000000000000e+02 6.009819606183269207e+04
2.800000000000000000e+02 6.009759487479962263e+04
2.810000000000000000e+02 6.009758443289370916e+04
2.820000000000000000e+02 6.009757508193202375e+04
2.830000000000000000e+02 6.009756682464632468e+04
2.840000000000000000e+02 6.009755966344881017e+04
2.850000000000000000e+02 6.009755360043104156e+04
2.860000000000000000e+02 6.009754863736384141e+04
2.870000000000000000e+02 6.009754477569668961e+04
2.880000000000000000e+02 6.009754201655717043e+04
2.890000000000000000e+02 6.009754036075120530e+04
2.900000000000000000e+02 6.009823288784454780e+04
2.910000000000000000e+02 6.009753980876212154e+04
2.920000000000000000e+02 6.009827061460812547e+04
2.930000000000000000e+02 6.009830923101272492e+04
2.940000000000000000e+02 6.009834872568056016e+04
2.950000000000000000e+02 6.009754863736381958e+04
2.960000000000000000e+02 6.009838908696962608e+04
2.970000000000000000e+02 6.009843030297676160e+04
2.980000000000000000e+02 6.009847236154094571e+04
2.990000000000000000e+02 6.009851525024653529e+04
3.000000000000000000e+02 6.009855895642622636e+04
3.010000000000000000e+02 6.009860346716495405e+04
3.020000000000000000e+02 6.009864876930281753e+04
3.030000000000000000e+02 6.009869484943903080e+04
3.040000000000000000e+02 6.009874169393524062e+04
3.050000000000000000e+02 6.009878928891928081e+04
3.060000000000000000e+02 6.009755360043104884e+04
3.070000000000000000e+02 6.009883762028902129e+04
3.080000000000000000e+02 6.009888667371596966e+04
3.090000000000000000e+02 6.009893643464935303e+04
3.100000000000000000e+02 6.009898688831991603e+04
3.110000000000000000e+02 6.009903801974416274e+04
3.120000000000000000e+02 6.009908981372816925e+04
3.130000000000000000e+02 6.009914225487194199e+04
3.140000000000000000e+02 6.009919532757357956e+04
3.150000000000000000e+02 6.009924901603358740e+04
3.160000000000000000e+02 6.009930330425930151e+04
3.170000000000000000e+02 6.009755966344881017e+04
3.180000000000000000e+02 6.009935817606921773e+04
3.190000000000000000e+02 6.009941361509746639e+04
3.200000000000000000e+02 6.009946960479862173e+04
3.210000000000000000e+02 6.009952612845195836e+04
3.220000000000000000e+02 6.009958316916644253e+04
3.230000000000000000e+02 6.009964070988530875e+04
3.240000000000000000e+02 6.009969873339085461e+04
3.250000000000000000e+02 6.009975722230953397e+04
3.260000000000000000e+02 6.009981615911656991e+04
3.270000000000000000e+02 6.009987552614111337e+04
3.280000000000000000e+02 6.009756682464635378e+04
3.290000000000000000e+02 6.009993530557138729e+04
3.300000000000000000e+02 6.009999547945951053e+04
3.310000000000000000e+02 6.010005602972674387e+04
3.320000000000000000e+02 6.010011693816896150e+04
3.330000000000000000e+02 6.010017818646136584e+04
3.340000000000000000e+02 6.010023975616440293e+04
3.350000000000000000e+02 6.010030162872864457e+04
3.360000000000000000e+02 6.010036378550034715e+04
3.370000000000000000e+02 6.010042620772698137e+04
3.380000000000000000e+02 6.010048887656260194e+04
3.390000000000000000e+02 6.009757508193200192e+04
3.400000000000000000e+02 6.010055177307344275e+04
3.410000000000000000e+02 6.010061487824354117e+04
3.420000000000000000e+02 6.010067817298016598e+04
3.430000000000000000e+02 6.010074163811972539e+04
3.440000000000000000e+02 6.010080525443340593e+04
3.450000000000000000e+02 6.010086900263256393e+04
3.460000000000000000e+02 6.010093286337501195e+04
3.470000000000000000e+02 6.010099681727058487e+04
3.480000000000000000e+02 6.010106084488684428e+04
3.490000000000000000e+02 6.010112492675512476e+04
3.500000000000000000e+02 6.009758443289373099e+04
3.510000000000000000e+02 6.010118904337625281e+04
3.520000000000000000e+02 6.010120816736705456e+04
3.530000000000000000e+02 6.010120853328754310e+04
3.540000000000000000e+02 6.010120889069193800e+04
3.550000000000000000e+02 6.010120923914470768e+04
3.560000000000000000e+02 6.010120957822139462e+04
3.570000000000000000e+02 6.010120990750885539e+04
3.580000000000000000e+02 6.010121022660587914e+04
3.590000000000000000e+02 6.010121053512375511e+04
3.600000000000000000e+02 6.010121083268657094e+04
