0.000000000000000000e+00 6.010119529337625863e+04
1.000000000000000000e+00 6.010119491938545252e+04
2.000000000000000000e+00 6.010119196782073413e+04
3.000000000000000000e+00 6.010182782136362221e+04
4.000000000000000000e+00 6.010189103059362242e+04
5.000000000000000000e+00 6.010195404038914421e+04
6.000000000000000000e+00 6.010201683140108071e+04
7.000000000000000000e+00 6.010207938433412346e+04
8.000000000000000000e+00 6.010214167995306343e+04
9.000000000000000000e+00 6.010220369908882276e+04
1.000000000000000000e+01 6.010226542264433374e+04
1.100000000000000000e+01 6.010232683160096349e+04
1.200000000000000000e+01 6.010238790702422557e+04
1.300000000000000000e+01 6.010119169324183895e+04
1.400000000000000000e+01 6.010244863007010281e+04
1.500000000000000000e+01 6.010250898199078802e+04
1.600000000000000000e+01 6.010256894414100680e+04
1.700000000000000000e+01 6.010262849798377283e+04
1.800000000000000000e+01 6.010268762509656517e+04
1.900000000000000000e+01 6.010274630717701802e+04
2.000000000000000000e+01 6.010280452604919265e+04
2.100000000000000000e+01 6.010286226366928167e+04
2.200000000000000000e+01 6.010291950213132804e+04
2.300000000000000000e+01 6.010297622367347503e+04
2.400000000000000000e+01 6.010119143066382094e+04
2.500000000000000000e+01 6.010303241068337229e+04
2.600000000000000000e+01 6.010308804570420762e+04
2.700000000000000000e+01 6.010314311144032399e+04
2.800000000000000000e+01 6.010319759076290939e+04
2.900000000000000000e+01 6.010325146671581024e+04
3.000000000000000000e+01 6.010330472252079198e+04
3.100000000000000000e+01 6.010335734158353443e+04
3.200000000000000000e+01 6.010340930749873951e+04
3.300000000000000000e+01 6.010346060405584285e+04
3.400000000000000000e+01 6.010351121524432529e+04
3.500000000000000000e+01 6.010119118040660396e+04
3.600000000000000000e+01 6.010356112525912613e+04
3.700000000000000000e+01 6.010361031850580912e+04
3.800000000000000000e+01 6.010365877960574289e+04
3.900000000000000000e+01 6.010370649340170348e+04
4.000000000000000000e+01 6.010375344496237813e+04
4.100000000000000000e+01 6.010379961958764761e+04
4.200000000000000000e+01 6.010384500281375222e+04
4.300000000000000000e+01 6.010388958041790465e+04
4.400000000000000000e+01 6.010393333842319407e+04
4.500000000000000000e+01 6.010397626310334454e+04
4.600000000000000000e+01 6.010119094277505792e+04
4.700000000000000000e+01 6.010401834098745167e+04
4.800000000000000000e+01 6.010405955886427546e+04
4.900000000000000000e+01 6.010409990378720977e+04
5.000000000000000000e+01 6.010413936307838594e+04
5.100000000000000000e+01 6.010417792433287832e+04
5.200000000000000000e+01 6.010421557542349183e+04
5.300000000000000000e+01 6.010425230450426898e+04
5.400000000000000000e+01 6.010428810001495003e+04
5.500000000000000000e+01 6.010431057779514231e+04
5.600000000000000000e+01 6.010275004072195588e+04
5.700000000000000000e+01 6.010119071805870772e+04
5.800000000000000000e+01 6.010120779337624845e+04
5.900000000000000000e+01 6.010120741177078889e+04
6.000000000000000000e+01 6.010120702301558777e+04
6.100000000000000000e+01 6.010120662758429535e+04
6.200000000000000000e+01 6.010120622595868917e+04
6.300000000000000000e+01 6.010120581862804102e+04
6.400000000000000000e+01 6.010120540608868760e+04
6.500000000000000000e+01 6.010120498884321569e+04
6.600000000000000000e+01 6.010120456739996007e+04
6.700000000000000000e+01 6.010120414227239962e+04
6.800000000000000000e+01 6.010119050653134764e+04
6.900000000000000000e+01 6.010120371397848066e+04
7.000000000000000000e+01 6.010120328304003488e+04
7.100000000000000000e+01 6.010120284998202260e+04
7.200000000000000000e+01 6.010120241533219087e+04
7.300000000000000000e+01 6.010120197961996018e+04
7.400000000000000000e+01 6.010120154337623535e+04
7.500000000000000000e+01 6.010120110713255417e+04
7.600000000000000000e+01 6.010120067142032349e+04
7.700000000000000000e+01 6.010120023677046265e+04
7.800000000000000000e+01 6.010119980371249403e+04
7.900000000000000000e+01 6.010119030845067755e+04
8.000000000000000000e+01 6.010119937277402641e+04
8.100000000000000000e+01 6.010119894448012201e+04
8.200000000000000000e+01 6.010119851935256884e+04
8.300000000000000000e+01 6.010119809790930594e+04
8.400000000000000000e+01 6.010119768066382676e+04
8.500000000000000000e+01 6.010119726812447334e+04
8.600000000000000000e+01 6.010119686079383973e+04
8.700000000000000000e+01 6.010119645916822628e+04
8.800000000000000000e+01 6.010119606373691931e+04
8.900000000000000000e+01 6.010119567498171818e+04
9.000000000000000000e+01 6.010119012405803369e+04
9.100000000000000000e+01 6.010119529337625863e+04
9.200000000000000000e+01 6.010119491938544525e+04
9.300000000000000000e+01 6.010119455346496397e+04
9.400000000000000000e+01 6.010119419606062002e+04
9.500000000000000000e+01 6.010119384760782123e+04
9.600000000000000000e+01 6.010119350853114884e+04
9.700000000000000000e+01 6.010119317924366624e+04
9.800000000000000000e+01 6.010119286014662066e+04
9.900000000000000000e+01 6.010119255162875197e+04
1.000000000000000000e+02 6.010119225406591431e+04
1.010000000000000000e+02 6.010118995357807580e+04
1.020000000000000000e+02 6.010119196782073413e+04
1.030000000000000000e+02 6.010119169324184622e+04
1.040000000000000000e+02 6.010119143066382094e+04
1.050000000000000000e+02 6.010119118040659669e+04
1.060000000000000000e+02 6.010119094277505064e+04
1.070000000000000000e+02 6.010119071805870044e+04
1.080000000000000000e+02 6.010119050653134764e+04
1.090000000000000000e+02 6.010119030845068482e+04
1.100000000000000000e+02 6.010119012405803369e+04
1.110000000000000000e+02 6.010118995357806853e+04
1.120000000000000000e+02 6.010119455346496397e+04
1.130000000000000000e+02 6.010118979721849610e+04
1.140000000000000000e+02 6.010118979721848882e+04
1.150000000000000000e+02 6.010118965516981552e+04
1.160000000000000000e+02 6.010118952760504908e+04
1.170000000000000000e+02 6.010118941467968398e+04
1.180000000000000000e+02 6.010118931653125765e+04
1.190000000000000000e+02 6.010118923327935772e+04
1.200000000000000000e+02 6.010118916502537468e+04
1.210000000000000000e+02 6.010118911185257457e+04
1.220000000000000000e+02 6.010118907382564066e+04
1.230000000000000000e+02 6.010118905099092080e+04
1.240000000000000000e+02 6.010118965516980825e+04
1.250000000000000000e+02 6.010118904337624554e+04
1.260000000000000000e+02 6.010118905099092080e+04
1.270000000000000000e+02 6.010118907382564066e+04
1.280000000000000000e+02 6.010118911185257457e+04
1.290000000000000000e+02 6.010118916502538195e+04
1.300000000000000000e+02 6.010118923327935772e+04
1.310000000000000000e+02 6.010118931653126492e+04
1.320000000000000000e+02 6.010118941467969853e+04
1.330000000000000000e+02 6.010118952760505636e+04
1.340000000000000000e+02 6.010118965516981552e+04
1.350000000000000000e+02 6.010118952760504180e+04
1.360000000000000000e+02 6.010118979721848882e+04
1.370000000000000000e+02 6.010118995357807580e+04
1.380000000000000000e+02 6.010119012405803369e+04
1.390000000000000000e+02 6.010119030845067755e+04
1.400000000000000000e+02 6.010119050653134764e+04
1.410000000000000000e+02 6.010119071805870772e+04
1.420000000000000000e+02 6.010119094277505064e+04
1.430000000000000000e+02 6.010119118040660396e+04
1.440000000000000000e+02 6.010119143066382821e+04
1.450000000000000000e+02 6.010119169324184622e+04
1.460000000000000000e+02 6.010118941467969125e+04
1.470000000000000000e+02 6.010119196782073413e+04
1.480000000000000000e+02 6.010119225406593614e+04
1.490000000000000000e+02 6.010119255162876652e+04
1.500000000000000000e+02 6.010119286014663521e+04
1.510000000000000000e+02 6.010119317924366624e+04
1.520000000000000000e+02 6.010119350853114884e+04
1.530000000000000000e+02 6.010119384760781395e+04
1.540000000000000000e+02 6.010119419606062002e+04
1.550000000000000000e+02 6.010119455346496397e+04
1.560000000000000000e+02 6.010119491938544525e+04
1.570000000000000000e+02 6.010118931653126492e+04
1.580000000000000000e+02 6.010119529337626591e+04
1.590000000000000000e+02 6.010119567498172546e+04
1.600000000000000000e+02 6.010119606373691931e+04
1.610000000000000000e+02 6.010119645916823356e+04
1.620000000000000000e+02 6.010119686079384701e+04
1.630000000000000000e+02 6.010119726812446606e+04
1.640000000000000000e+02 6.010119768066382676e+04
1.650000000000000000e+02 6.010119809790930594e+04
1.660000000000000000e+02 6.010119851935256156e+04
1.670000000000000000e+02 6.010119894448012201e+04
1.680000000000000000e+02 6.010118923327935772e+04
1.690000000000000000e+02 6.010119937277403369e+04
1.700000000000000000e+02 6.010119980371250131e+04
1.710000000000000000e+02 6.010120023677048448e+04
1.720000000000000000e+02 6.010120067142033076e+04
1.730000000000000000e+02 6.010120110713256145e+04
1.740000000000000000e+02 6.010120154337624263e+04
1.750000000000000000e+02 6.010120197961997474e+04
1.760000000000000000e+02 6.010120241533218359e+04
1.770000000000000000e+02 6.010120284998202987e+04
1.780000000000000000e+02 6.010120328304002760e+04
1.790000000000000000e+02 6.010118916502536740e+04
1.800000000000000000e+02 6.010120371397848794e+04
1.810000000000000000e+02 6.010120414227239235e+04
1.820000000000000000e+02 6.010120456739996735e+04
1.830000000000000000e+02 6.010120498884320114e+04
1.840000000000000000e+02 6.010120540608868760e+04
1.850000000000000000e+02 6.010120581862802646e+04
1.860000000000000000e+02 6.010120622595869645e+04
1.870000000000000000e+02 6.010120662758429535e+04
1.880000000000000000e+02 6.010120702301558049e+04
1.890000000000000000e+02 6.010120741177079617e+04
1.900000000000000000e+02 6.010118911185257457e+04
1.910000000000000000e+02 6.010118904337629647e+04
1.920000000000000000e+02 6.010112492675508838e+04
1.930000000000000000e+02 6.010106084488685883e+04
1.940000000000000000e+02 6.010099681727061397e+04
1.950000000000000000e+02 6.010093286337503378e+04
1.960000000000000000e+02 6.010086900263254211e+04
1.970000000000000000e+02 6.010080525443340593e+04
1.980000000000000000e+02 6.010074163811975450e+04
1.990000000000000000e+02 6.010067817298017326e+04
2.000000000000000000e+02 6.010061487824356300e+04
2.010000000000000000e+02 6.010118907382564066e+04
2.020000000000000000e+02 6.010055177307343547e+04
2.030000000000000000e+02 6.010048887656258739e+04
2.040000000000000000e+02 6.010042620772700320e+04
2.050000000000000000e+02 6.010036378550035442e+04
2.060000000000000000e+02 6.010030162872865185e+04
2.070000000000000000e+02 6.010023975616440293e+04
2.080000000000000000e+02 6.010017818646139494e+04
2.090000000000000000e+02 6.010011693816892512e+04
2.100000000000000000e+02 6.010005602972676570e+04
2.110000000000000000e+02 6.009999547945946688e+04
2.120000000000000000e+02 6.010118905099091353e+04
2.130000000000000000e+02 6.009993530557141639e+04
2.140000000000000000e+02 6.009987552614113520e+04
2.150000000000000000e+02 6.009981615911656263e+04
2.160000000000000000e+02 6.009975722230956308e+04
2.170000000000000000e+02 6.009969873339088372e+04
2.180000000000000000e+02 6.009964070988529420e+04
2.190000000000000000e+02 6.009958316916642798e+04
2.200000000000000000e+02 6.009952612845199474e+04
2.210000000000000000e+02 6.009946960479865083e+04
2.220000000000000000e+02 6.009941361509748822e+04
2.230000000000000000e+02 6.010119419606062002e+04
2.240000000000000000e+02 6.010118904337623826e+04
2.250000000000000000e+02 6.009935817606922501e+04
2.260000000000000000e+02 6.009930330425929424e+04
2.270000000000000000e+02 6.009924901603358740e+04
2.280000000000000000e+02 6.009919532757357229e+04
2.290000000000000000e+02 6.009914225487196381e+04
2.300000000000000000e+02 6.009908981372819107e+04
2.310000000000000000e+02 6.009903801974419184e+04
2.320000000000000000e+02 6.009898688831991603e+04
2.330000000000000000e+02 6.009893643464935303e+04
2.340000000000000000e+02 6.009888667371594784e+04
2.350000000000000000e+02 6.010118905099092808e+04
2.360000000000000000e+02 6.009883762028899946e+04
2.370000000000000000e+02 6.009878928891925170e+04
2.380000000000000000e+02 6.009874169393521152e+04
2.390000000000000000e+02 6.009869484943902353e+04
2.400000000000000000e+02 6.009864876930282480e+04
2.410000000000000000e+02 6.009860346716493950e+04
2.420000000000000000e+02 6.009855895642623364e+04
2.430000000000000000e+02 6.009851525024650618e+04
2.440000000000000000e+02 6.009847236154098209e+04
2.450000000000000000e+02 6.009843030297677615e+04
2.460000000000000000e+02 6.010118907382564066e+04
2.470000000000000000e+02 6.009838908696961880e+04
2.480000000000000000e+02 6.009834872568058199e+04
2.490000000000000000e+02 6.009830923101271765e+04
2.500000000000000000e+02 6.009827061460813275e+04
2.510000000000000000e+02 6.009823288784454780e+04
2.520000000000000000e+02 6.009819606183268479e+04
2.530000000000000000e+02 6.009816014741319668e+04
2.540000000000000000e+02 6.009812515515372070e+04
2.550000000000000000e+02 6.009809109534625168e+04
2.560000000000000000e+02 6.009962806125991483e+04
2.570000000000000000e+02 6.010118911185256729e+04
2.580000000000000000e+02 6.010118904337625281e+04
2.590000000000000000e+02 6.010120741177079617e+04
2.600000000000000000e+02 6.010120702301558049e+04
2.610000000000000000e+02 6.010120662758428807e+04
2.620000000000000000e+02 6.010120622595868917e+04
2.630000000000000000e+02 6.010120581862802646e+04
2.640000000000000000e+02 6.010120540608868760e+04
2.650000000000000000e+02 6.010120498884320114e+04
2.660000000000000000e+02 6.010120456739996735e+04
2.670000000000000000e+02 6.010120414227238507e+04
2.680000000000000000e+02 6.010118916502536740e+04
2.690000000000000000e+02 6.010120371397848794e+04
2.700000000000000000e+02 6.010120328304002760e+04
2.710000000000000000e+02 6.010120284998202987e+04
2.720000000000000000e+02 6.010120241533219087e+04
2.730000000000000000e+02 6.010120197961996018e+04
2.740000000000000000e+02 6.010120154337624263e+04
2.750000000000000000e+02 6.010120110713256145e+04
2.760000000000000000e+02 6.010120067142033076e+04
2.770000000000000000e+02 6.010120023677046993e+04
2.780000000000000000e+02 6.010119980371250131e+04
2.790000000000000000e+02 6.010118923327936500e+04
2.800000000000000000e+02 6.010119937277404097e+04
2.810000000000000000e+02 6.010119894448012201e+04
2.820000000000000000e+02 6.010119851935256156e+04
2.830000000000000000e+02 6.010119809790929867e+04
2.840000000000000000e+02 6.010119768066381948e+04
2.850000000000000000e+02 6.010119726812446606e+04
2.860000000000000000e+02 6.010119686079383246e+04
2.870000000000000000e+02 6.010119645916821901e+04
2.880000000000000000e+02 6.010119606373691204e+04
2.890000000000000000e+02 6.010119567498171818e+04
2.900000000000000000e+02 6.010118931653126492e+04
2.910000000000000000e+02 6.010119529337625863e+04
2.920000000000000000e+02 6.010118941467969125e+04
2.930000000000000000e+02 6.010118952760506363e+04
2.940000000000000000e+02 6.010118965516980097e+04
2.950000000000000000e+02 6.010119384760780667e+04
2.960000000000000000e+02 6.010118979721849610e+04
2.970000000000000000e+02 6.010118995357806853e+04
2.980000000000000000e+02 6.010119012405802641e+04
2.990000000000000000e+02 6.010119030845068482e+04
3.000000000000000000e+02 6.010119050653134764e+04
3.010000000000000000e+02 6.010119071805870044e+04
3.020000000000000000e+02 6.010119094277505792e+04
3.030000000000000000e+02 6.010119118040660396e+04
3.040000000000000000e+02 6.010119143066383549e+04
3.050000000000000000e+02 6.010119169324185350e+04
3.060000000000000000e+02 6.010119350853114156e+04
3.070000000000000000e+02 6.010119196782074141e+04
3.080000000000000000e+02 6.010119225406592886e+04
3.090000000000000000e+02 6.010119255162875925e+04
3.100000000000000000e+02 6.010119286014661338e+04
3.110000000000000000e+02 6.010119317924365168e+04
3.120000000000000000e+02 6.010119350853114156e+04
3.130000000000000000e+02 6.010119384760781395e+04
3.140000000000000000e+02 6.010119419606060546e+04
3.150000000000000000e+02 6.010119455346495670e+04
3.160000000000000000e+02 6.010119491938545252e+04
3.170000000000000000e+02 6.010119317924365896e+04
3.180000000000000000e+02 6.010119529337625863e+04
3.190000000000000000e+02 6.010119567498171818e+04
3.200000000000000000e+02 6.010119606373690476e+04
3.210000000000000000e+02 6.010119645916821901e+04
3.220000000000000000e+02 6.010119686079383973e+04
3.230000000000000000e+02 6.010119726812446606e+04
3.240000000000000000e+02 6.010119768066381948e+04
3.250000000000000000e+02 6.010119809790929867e+04
3.260000000000000000e+02 6.010119851935256884e+04
3.270000000000000000e+02 6.010119894448011473e+04
3.280000000000000000e+02 6.010119286014662066e+04
3.290000000000000000e+02 6.010119937277403369e+04
3.300000000000000000e+02 6.010119980371250131e+04
3.310000000000000000e+02 6.010120023677046265e+04
3.320000000000000000e+02 6.010120067142033076e+04
3.330000000000000000e+02 6.010120110713255417e+04
3.340000000000000000e+02 6.010120154337624263e+04
3.350000000000000000e+02 6.010120197961996746e+04
3.360000000000000000e+02 6.010120241533218359e+04
3.370000000000000000e+02 6.010120284998203715e+04
3.380000000000000000e+02 6.010120328304003488e+04
3.390000000000000000e+02 6.010119255162875197e+04
3.400000000000000000e+02 6.010120371397848794e+04
3.410000000000000000e+02 6.010120414227239235e+04
3.420000000000000000e+02 6.010120456739996007e+04
3.430000000000000000e+02 6.010120498884320114e+04
3.440000000000000000e+02 6.010120540608869487e+04
3.450000000000000000e+02 6.010120581862803374e+04
3.460000000000000000e+02 6.010120622595868917e+04
3.470000000000000000e+02 6.010120662758429535e+04
3.480000000000000000e+02 6.010120702301557321e+04
3.490000000000000000e+02 6.010120741177079617e+04
3.500000000000000000e+02 6.010119225406593614e+04
3.510000000000000000e+02 6.010120779337624117e+04
3.520000000000000000e+02 6.010125317522679688e+04
3.530000000000000000e+02 6.010131730276445887e+04
3.540000000000000000e+02 6.010138140643460792e+04
3.550000000000000000e+02 6.010144546667583927e+04
3.560000000000000000e+02 6.010150946392618789e+04
3.570000000000000000e+02 6.010157337862918939e+04
3.580000000000000000e+02 6.010163719123964256e+04
3.590000000000000000e+02 6.010170088222998311e+04
3.600000000000000000e+02 6.010176443209612626e+04
