0.000000000000000000e+00 6.014591662555039511e+04
1.000000000000000000e+00 6.014726205264247983e+04
2.000000000000000000e+00 6.015869200919447758e+04
3.000000000000000000e+00 6.016972076998023113e+04
4.000000000000000000e+00 6.016870651870430447e+04
5.000000000000000000e+00 6.016767170316937700e+04
6.000000000000000000e+00 6.016661663898596453e+04
7.000000000000000000e+00 6.016554164793398377e+04
8.000000000000000000e+00 6.016444705786430859e+04
9.000000000000000000e+00 6.016333320259823086e+04
1.000000000000000000e+01 6.016220042182545876e+04
1.100000000000000000e+01 6.016104906100017979e+04
1.200000000000000000e+01 6.015987947123513732e+04
1.300000000000000000e+01 6.015987947123513732e+04
1.400000000000000000e+01 6.015869200919447030e+04
1.500000000000000000e+01 6.015748703698434838e+04
1.600000000000000000e+01 6.015626492204226815e+04
1.700000000000000000e+01 6.015502603702485067e+04
1.800000000000000000e+01 6.015377075969348516e+04
1.900000000000000000e+01 6.015249947279910702e+04
2.000000000000000000e+01 6.015121256396487297e+04
2.100000000000000000e+01 6.014991042556802131e+04
2.200000000000000000e+01 6.014859345461941848e+04
2.300000000000000000e+01 6.014726205264247983e+04
2.400000000000000000e+01 6.016104906100020162e+04
2.500000000000000000e+01 6.014591662555037328e+04
2.600000000000000000e+01 6.014455758352197154e+04
2.700000000000000000e+01 6.014318534087626904e+04
2.800000000000000000e+01 6.014180031594611501e+04
2.900000000000000000e+01 6.014040293095003290e+04
3.000000000000000000e+01 6.013899361186344322e+04
3.100000000000000000e+01 6.013757278828845301e+04
3.200000000000000000e+01 6.013614089332251024e+04
3.300000000000000000e+01 6.013469836342631606e+04
3.400000000000000000e+01 6.013324563829028921e+04
3.500000000000000000e+01 6.016220042182545876e+04
3.600000000000000000e+01 6.013178316070055007e+04
3.700000000000000000e+01 6.013031137640343513e+04
3.800000000000000000e+01 6.012883073396961117e+04
3.900000000000000000e+01 6.012734168465701805e+04
4.000000000000000000e+01 6.012584468227328034e+04
4.100000000000000000e+01 6.012434018303676567e+04
4.200000000000000000e+01 6.012282864543797041e+04
4.300000000000000000e+01 6.012131053009914467e+04
4.400000000000000000e+01 6.011978629963396088e+04
4.500000000000000000e+01 6.011825641850614920e+04
4.600000000000000000e+01 6.016333320259823813e+04
4.700000000000000000e+01 6.011672135288826394e+04
4.800000000000000000e+01 6.011518157051890012e+04
4.900000000000000000e+01 6.011363754056055768e+04
5.000000000000000000e+01 6.011208973345621052e+04
5.100000000000000000e+01 6.011053862078613020e+04
5.200000000000000000e+01 6.010898467512394564e+04
5.300000000000000000e+01 6.010742836989263014e+04
5.400000000000000000e+01 6.010587017922015366e+04
5.500000000000000000e+01 6.010432295068500389e+04
5.600000000000000000e+01 6.010435684553717874e+04
5.700000000000000000e+01 6.016444705786433042e+04
5.800000000000000000e+01 6.010438977389160573e+04
5.900000000000000000e+01 6.010442172536926955e+04
6.000000000000000000e+01 6.010445268989573378e+04
6.100000000000000000e+01 6.010448265770456055e+04
6.200000000000000000e+01 6.010451161934065021e+04
6.300000000000000000e+01 6.010453956566365378e+04
6.400000000000000000e+01 6.010456648785094876e+04
6.500000000000000000e+01 6.010459237740100070e+04
6.600000000000000000e+01 6.010461722613592428e+04
6.700000000000000000e+01 6.010464102620473568e+04
6.800000000000000000e+01 6.016554164793400560e+04
6.900000000000000000e+01 6.010466377008579002e+04
7.000000000000000000e+01 6.010468545058953168e+04
7.100000000000000000e+01 6.010470606086090993e+04
7.200000000000000000e+01 6.010472559438198368e+04
7.300000000000000000e+01 6.010474404497395881e+04
7.400000000000000000e+01 6.010476140679949458e+04
7.500000000000000000e+01 6.010477767436466820e+04
7.600000000000000000e+01 6.010479284252093203e+04
7.700000000000000000e+01 6.010480690646685980e+04
7.800000000000000000e+01 6.010481986175007478e+04
7.900000000000000000e+01 6.016661663898596453e+04
8.000000000000000000e+01 6.010483170426843571e+04
8.100000000000000000e+01 6.010484243027176126e+04
8.200000000000000000e+01 6.010485203636297956e+04
8.300000000000000000e+01 6.010486051949938701e+04
8.400000000000000000e+01 6.010486787699381239e+04
8.500000000000000000e+01 6.010487410651538084e+04
8.600000000000000000e+01 6.010487920609046705e+04
8.700000000000000000e+01 6.010488317410326999e+04
8.800000000000000000e+01 6.010488600929664244e+04
8.900000000000000000e+01 6.010488771077205456e+04
9.000000000000000000e+01 6.016767170316938427e+04
9.100000000000000000e+01 6.010488827799044520e+04
9.200000000000000000e+01 6.010488771077205456e+04
9.300000000000000000e+01 6.010488600929666427e+04
9.400000000000000000e+01 6.010488317410329182e+04
9.500000000000000000e+01 6.010487920609046705e+04
9.600000000000000000e+01 6.010487410651538812e+04
9.700000000000000000e+01 6.010486787699381966e+04
9.800000000000000000e+01 6.010486051949939429e+04
9.900000000000000000e+01 6.010485203636291408e+04
1.000000000000000000e+02 6.010484243027173943e+04
1.010000000000000000e+02 6.016870651870429720e+04
1.020000000000000000e+02 6.010483170426847209e+04
1.030000000000000000e+02 6.010481986175008205e+04
1.040000000000000000e+02 6.010480690646685980e+04
1.050000000000000000e+02 6.010479284252092475e+04
1.060000000000000000e+02 6.010477767436466092e+04
1.070000000000000000e+02 6.010476140679950186e+04
1.080000000000000000e+02 6.010474404497398791e+04
1.090000000000000000e+02 6.010472559438197641e+04
1.100000000000000000e+02 6.010470606086092448e+04
1.110000000000000000e+02 6.010468545058950258e+04
1.120000000000000000e+02 6.014859345461942576e+04
1.130000000000000000e+02 6.016972076998023113e+04
1.140000000000000000e+02 6.010466377008583368e+04
1.150000000000000000e+02 6.010464102620476478e+04
1.160000000000000000e+02 6.010461722613591701e+04
1.170000000000000000e+02 6.010459237740095705e+04
1.180000000000000000e+02 6.010456648785096331e+04
1.190000000000000000e+02 6.010453956566366105e+04
1.200000000000000000e+02 6.010451161934059928e+04
1.210000000000000000e+02 6.010448265770457510e+04
1.220000000000000000e+02 6.010445268989575561e+04
1.230000000000000000e+02 6.010442172536929866e+04
1.240000000000000000e+02 6.017071414765263034e+04
1.250000000000000000e+02 6.010438977389162756e+04
1.260000000000000000e+02 6.010435684553720057e+04
1.270000000000000000e+02 6.010432295068503299e+04
1.280000000000000000e+02 6.010428810001495731e+04
1.290000000000000000e+02 6.010425230450426898e+04
1.300000000000000000e+02 6.010421557542348455e+04
1.310000000000000000e+02 6.010417792433290015e+04
1.320000000000000000e+02 6.010413936307837139e+04
1.330000000000000000e+02 6.010409990378721704e+04
1.340000000000000000e+02 6.010405955886429001e+04
1.350000000000000000e+02 6.017168634873760311e+04
1.360000000000000000e+02 6.010401834098742984e+04
1.370000000000000000e+02 6.010397626310335181e+04
1.380000000000000000e+02 6.010393333842318680e+04
1.390000000000000000e+02 6.010388958041786100e+04
1.400000000000000000e+02 6.010384500281374494e+04
1.410000000000000000e+02 6.010379961958766944e+04
1.420000000000000000e+02 6.010375344496237085e+04
1.430000000000000000e+02 6.010370649340171076e+04
1.440000000000000000e+02 6.010365877960577200e+04
1.450000000000000000e+02 6.010361031850578729e+04
1.460000000000000000e+02 6.017263707670500298e+04
1.470000000000000000e+02 6.010356112525911158e+04
1.480000000000000000e+02 6.010351121524434711e+04
1.490000000000000000e+02 6.010346060405585740e+04
1.500000000000000000e+02 6.010340930749876134e+04
1.510000000000000000e+02 6.010335734158356354e+04
1.520000000000000000e+02 6.010330472252081381e+04
1.530000000000000000e+02 6.010325146671580296e+04
1.540000000000000000e+02 6.010319759076293849e+04
1.550000000000000000e+02 6.010314311144031672e+04
1.560000000000000000e+02 6.010308804570419306e+04
1.570000000000000000e+02 6.017356604156861431e+04
1.580000000000000000e+02 6.010303241068337957e+04
1.590000000000000000e+02 6.010297622367345321e+04
1.600000000000000000e+02 6.010291950213137170e+04
1.610000000000000000e+02 6.010286226366931078e+04
1.620000000000000000e+02 6.010280452604921447e+04
1.630000000000000000e+02 6.010274630717703985e+04
1.640000000000000000e+02 6.010268762509656517e+04
1.650000000000000000e+02 6.010262849798377283e+04
1.660000000000000000e+02 6.010256894414102862e+04
1.670000000000000000e+02 6.010250898199076619e+04
1.680000000000000000e+02 6.017447295997563924e+04
1.690000000000000000e+02 6.010244863007009553e+04
1.700000000000000000e+02 6.010238790702422557e+04
1.710000000000000000e+02 6.010232683160097804e+04
1.720000000000000000e+02 6.010226542264434102e+04
1.730000000000000000e+02 6.010220369908880821e+04
1.740000000000000000e+02 6.010214167995310709e+04
1.750000000000000000e+02 6.010207938433414529e+04
1.760000000000000000e+02 6.010201683140108071e+04
1.770000000000000000e+02 6.010195404038915149e+04
1.780000000000000000e+02 6.010189103059362969e+04
1.790000000000000000e+02 6.017535755529278686e+04
1.800000000000000000e+02 6.010182782136362221e+04
1.810000000000000000e+02 6.010176443209611898e+04
1.820000000000000000e+02 6.010170088222999038e+04
1.830000000000000000e+02 6.010163719123968622e+04
1.840000000000000000e+02 6.010157337862916756e+04
1.850000000000000000e+02 6.010150946392619517e+04
1.860000000000000000e+02 6.010144546667581744e+04
1.870000000000000000e+02 6.010138140643462248e+04
1.880000000000000000e+02 6.010131730276447342e+04
1.890000000000000000e+02 6.010125317522681871e+04
1.900000000000000000e+02 6.017621955769179476e+04
1.910000000000000000e+02 6.010120779337626300e+04
1.920000000000000000e+02 6.010120816736706183e+04
1.930000000000000000e+02 6.010120853328755038e+04
1.940000000000000000e+02 6.010120889069193072e+04
1.950000000000000000e+02 6.010120923914470040e+04
1.960000000000000000e+02 6.010120957822138735e+04
1.970000000000000000e+02 6.010120990750885539e+04
1.980000000000000000e+02 6.010121022660588642e+04
1.990000000000000000e+02 6.010121053512375511e+04
2.000000000000000000e+02 6.010121083268657821e+04
2.010000000000000000e+02 6.017705870423131273e+04
2.020000000000000000e+02 6.010121111893178750e+04
2.030000000000000000e+02 6.010121139351070451e+04
2.040000000000000000e+02 6.010121165608870797e+04
2.050000000000000000e+02 6.010121190634593950e+04
2.060000000000000000e+02 6.010121214397745644e+04
2.070000000000000000e+02 6.010121236869382119e+04
2.080000000000000000e+02 6.010121258022118855e+04
2.090000000000000000e+02 6.010121277830183681e+04
2.100000000000000000e+02 6.010121296269448067e+04
2.110000000000000000e+02 6.010121313317442400e+04
2.120000000000000000e+02 6.017787473893780407e+04
2.130000000000000000e+02 6.010121328953401826e+04
2.140000000000000000e+02 6.010121343158271338e+04
2.150000000000000000e+02 6.010121355914746528e+04
2.160000000000000000e+02 6.010121367207285221e+04
2.170000000000000000e+02 6.010121377022127854e+04
2.180000000000000000e+02 6.010121385347317846e+04
2.190000000000000000e+02 6.010121392172711785e+04
2.200000000000000000e+02 6.010121397489996161e+04
2.210000000000000000e+02 6.010121401292688097e+04
2.220000000000000000e+02 6.010121403576161538e+04
2.230000000000000000e+02 6.014991042556805041e+04
2.240000000000000000e+02 6.017866741288399498e+04
2.250000000000000000e+02 6.010121404337624699e+04
2.260000000000000000e+02 6.010121403576161538e+04
2.270000000000000000e+02 6.010121401292688824e+04
2.280000000000000000e+02 6.010121397489994706e+04
2.290000000000000000e+02 6.010121392172712513e+04
2.300000000000000000e+02 6.010121385347317118e+04
2.310000000000000000e+02 6.010121377022127854e+04
2.320000000000000000e+02 6.010121367207284493e+04
2.330000000000000000e+02 6.010121355914745800e+04
2.340000000000000000e+02 6.010121343158271338e+04
2.350000000000000000e+02 6.017943648426514119e+04
2.360000000000000000e+02 6.010121328953401098e+04
2.370000000000000000e+02 6.010121313317443128e+04
2.380000000000000000e+02 6.010121296269448794e+04
2.390000000000000000e+02 6.010121277830183681e+04
2.400000000000000000e+02 6.010121258022118855e+04
2.410000000000000000e+02 6.010121236869381391e+04
2.420000000000000000e+02 6.010121214397745644e+04
2.430000000000000000e+02 6.010121190634591767e+04
2.440000000000000000e+02 6.010121165608870069e+04
2.450000000000000000e+02 6.010121139351068996e+04
2.460000000000000000e+02 6.018018171847274061e+04
2.470000000000000000e+02 6.010121111893179477e+04
2.480000000000000000e+02 6.010121083268655639e+04
2.490000000000000000e+02 6.010121053512374783e+04
2.500000000000000000e+02 6.010121022660589369e+04
2.510000000000000000e+02 6.010120990750884812e+04
2.520000000000000000e+02 6.010120957822140190e+04
2.530000000000000000e+02 6.010120923914469313e+04
2.540000000000000000e+02 6.010120889069194527e+04
2.550000000000000000e+02 6.010120853328755038e+04
2.560000000000000000e+02 6.010120816736706911e+04
2.570000000000000000e+02 6.018090288816703833e+04
2.580000000000000000e+02 6.010120779337624845e+04
2.590000000000000000e+02 6.010275004072195588e+04
2.600000000000000000e+02 6.010431057779512048e+04
2.610000000000000000e+02 6.010587017922016094e+04
2.620000000000000000e+02 6.010742836989261559e+04
2.630000000000000000e+02 6.010898467512396019e+04
2.640000000000000000e+02 6.011053862078613020e+04
2.650000000000000000e+02 6.011208973345620325e+04
2.660000000000000000e+02 6.011363754056058679e+04
2.670000000000000000e+02 6.011518157051888556e+04
2.680000000000000000e+02 6.018159977334602445e+04
2.690000000000000000e+02 6.011672135288826394e+04
2.700000000000000000e+02 6.011825641850617103e+04
2.710000000000000000e+02 6.011978629963393178e+04
2.720000000000000000e+02 6.012131053009915922e+04
2.730000000000000000e+02 6.012282864543794858e+04
2.740000000000000000e+02 6.012434018303675111e+04
2.750000000000000000e+02 6.012584468227325124e+04
2.760000000000000000e+02 6.012734168465704715e+04
2.770000000000000000e+02 6.012883073396961117e+04
2.780000000000000000e+02 6.013031137640341331e+04
2.790000000000000000e+02 6.018227216141353711e+04
2.800000000000000000e+02 6.013178316070055007e+04
2.810000000000000000e+02 6.013324563829028921e+04
2.820000000000000000e+02 6.013469836342632334e+04
2.830000000000000000e+02 6.013614089332249569e+04
2.840000000000000000e+02 6.013757278828844574e+04
2.850000000000000000e+02 6.013899361186344322e+04
2.860000000000000000e+02 6.014040293095001107e+04
2.870000000000000000e+02 6.014180031594610773e+04
2.880000000000000000e+02 6.014318534087626176e+04
2.890000000000000000e+02 6.014455758352197154e+04
2.900000000000000000e+02 6.018291984724365466e+04
2.910000000000000000e+02 6.014591662555039511e+04
2.920000000000000000e+02 6.018354263324417843e+04
2.930000000000000000e+02 6.018414032941689220e+04
2.940000000000000000e+02 6.018471275341584987e+04
2.950000000000000000e+02 6.015121256396488752e+04
2.960000000000000000e+02 6.018525973060332035e+04
2.970000000000000000e+02 6.018578109410304751e+04
2.980000000000000000e+02 6.018627668485192407e+04
2.990000000000000000e+02 6.018674635164816573e+04
3.000000000000000000e+02 6.018718995119808096e+04
3.010000000000000000e+02 6.018760734815987234e+04
3.020000000000000000e+02 6.018799841518505127e+04
3.030000000000000000e+02 6.018836303295739344e+04
3.040000000000000000e+02 6.018870109022999532e+04
3.050000000000000000e+02 6.018901248385874351e+04
3.060000000000000000e+02 6.015249947279911430e+04
3.070000000000000000e+02 6.018929711883427080e+04
3.080000000000000000e+02 6.018955490831123461e+04
3.090000000000000000e+02 6.018978577363472868e+04
3.100000000000000000e+02 6.018998964436425740e+04
3.110000000000000000e+02 6.019016645829565823e+04
3.120000000000000000e+02 6.019031616148008470e+04
3.130000000000000000e+02 6.019043870824039186e+04
3.140000000000000000e+02 6.019053406118525891e+04
3.150000000000000000e+02 6.019060219122067792e+04
3.160000000000000000e+02 6.019064307755886693e+04
3.170000000000000000e+02 6.015377075969347061e+04
3.180000000000000000e+02 6.019065670772452722e+04
3.190000000000000000e+02 6.019064307755882328e+04
3.200000000000000000e+02 6.019060219122068520e+04
3.210000000000000000e+02 6.019053406118524435e+04
3.220000000000000000e+02 6.019043870824039186e+04
3.230000000000000000e+02 6.019031616148012108e+04
3.240000000000000000e+02 6.019016645829568006e+04
3.250000000000000000e+02 6.018998964436425740e+04
3.260000000000000000e+02 6.018978577363473596e+04
3.270000000000000000e+02 6.018955490831127099e+04
3.280000000000000000e+02 6.015502603702486522e+04
3.290000000000000000e+02 6.018929711883427080e+04
3.300000000000000000e+02 6.018901248385873623e+04
3.310000000000000000e+02 6.018870109022994438e+04
3.320000000000000000e+02 6.018836303295741527e+04
3.330000000000000000e+02 6.018799841518502217e+04
3.340000000000000000e+02 6.018760734815989417e+04
3.350000000000000000e+02 6.018718995119809551e+04
3.360000000000000000e+02 6.018674635164813662e+04
3.370000000000000000e+02 6.018627668485192407e+04
3.380000000000000000e+02 6.018578109410305478e+04
3.390000000000000000e+02 6.015626492204225360e+04
3.400000000000000000e+02 6.018525973060331307e+04
3.410000000000000000e+02 6.018471275341587898e+04
3.420000000000000000e+02 6.018414032941689220e+04
3.430000000000000000e+02 6.018354263324417116e+04
3.440000000000000000e+02 6.018291984724366193e+04
3.450000000000000000e+02 6.018227216141352255e+04
3.460000000000000000e+02 6.018159977334605355e+04
3.470000000000000000e+02 6.018090288816703105e+04
3.480000000000000000e+02 6.018018171847275516e+04
3.490000000000000000e+02 6.017943648426512664e+04
3.500000000000000000e+02 6.015748703698433383e+04
3.510000000000000000e+02 6.017866741288398771e+04
3.520000000000000000e+02 6.017787473893781862e+04
3.530000000000000000e+02 6.017705870423132001e+04
3.540000000000000000e+02 6.017621955769179476e+04
3.550000000000000000e+02 6.017535755529283051e+04
3.560000000000000000e+02 6.017447295997561014e+04
3.570000000000000000e+02 6.017356604156862159e+04
3.580000000000000000e+02 6.017263707670495933e+04
3.590000000000000000e+02 6.017168634873764677e+04
3.600000000000000000e+02 6.017071414765264490e+04
