0.000000000000000000e+00 1.249950095536577106e-02
1.000000000000000000e+00 1.249950095908535820e-02
2.000000000000000000e+00 1.249950099081673267e-02
3.000000000000000000e+00 1.249950103305742279e-02
4.000000000000000000e+00 1.249950103043163084e-02
5.000000000000000000e+00 1.249950102774834322e-02
6.000000000000000000e+00 1.249950102500838565e-02
7.000000000000000000e+00 1.249950102221259775e-02
8.000000000000000000e+00 1.249950101936180523e-02
9.000000000000000000e+00 1.249950101645685464e-02
1.000000000000000000e+01 1.249950101349867233e-02
1.100000000000000000e+01 1.249950101048812219e-02
1.200000000000000000e+01 1.249950100742610974e-02
1.300000000000000000e+01 1.249950099412896511e-02
1.400000000000000000e+01 1.249950100431357868e-02
1.500000000000000000e+01 1.249950100115146921e-02
1.600000000000000000e+01 1.249950099794073892e-02
1.700000000000000000e+01 1.249950099468234883e-02
1.800000000000000000e+01 1.249950099137729122e-02
1.900000000000000000e+01 1.249950098802658609e-02
2.000000000000000000e+01 1.249950098463121183e-02
2.100000000000000000e+01 1.249950098119221968e-02
2.200000000000000000e+01 1.249950097771066089e-02
2.300000000000000000e+01 1.249950097418757629e-02
2.400000000000000000e+01 1.249950099739472777e-02
2.500000000000000000e+01 1.249950097062402059e-02
2.600000000000000000e+01 1.249950096702111789e-02
2.700000000000000000e+01 1.249950096337990382e-02
2.800000000000000000e+01 1.249950095970153545e-02
2.900000000000000000e+01 1.249950095598709870e-02
3.000000000000000000e+01 1.249950095223771596e-02
3.100000000000000000e+01 1.249950094845454253e-02
3.200000000000000000e+01 1.249950094463872334e-02
3.300000000000000000e+01 1.249950094079141198e-02
3.400000000000000000e+01 1.249950093691377419e-02
3.500000000000000000e+01 1.249950100061300064e-02
3.600000000000000000e+01 1.249950093300699304e-02
3.700000000000000000e+01 1.249950092907224815e-02
3.800000000000000000e+01 1.249950092511071913e-02
3.900000000000000000e+01 1.249950092112365324e-02
4.000000000000000000e+01 1.249950091711223184e-02
4.100000000000000000e+01 1.249950091307766749e-02
4.200000000000000000e+01 1.249950090902119358e-02
4.300000000000000000e+01 1.249950090494406606e-02
4.400000000000000000e+01 1.249950090084748534e-02
4.500000000000000000e+01 1.249950089673272473e-02
4.600000000000000000e+01 1.249950100378286431e-02
4.700000000000000000e+01 1.249950089260101586e-02
4.800000000000000000e+01 1.249950088845363204e-02
4.900000000000000000e+01 1.249950088429182572e-02
5.000000000000000000e+01 1.249950088011687194e-02
5.100000000000000000e+01 1.249950087593001448e-02
5.200000000000000000e+01 1.249950087173257000e-02
5.300000000000000000e+01 1.249950086752577537e-02
5.400000000000000000e+01 1.249950086331092988e-02
5.500000000000000000e+01 1.249950085908931550e-02
5.600000000000000000e+01 1.249950085486222981e-02
5.700000000000000000e+01 1.249950100690331266e-02
5.800000000000000000e+01 1.249950085063093394e-02
5.900000000000000000e+01 1.249950084639673935e-02
6.000000000000000000e+01 1.249950084216092626e-02
6.100000000000000000e+01 1.249950083792479398e-02
6.200000000000000000e+01 1.249950083368961580e-02
6.300000000000000000e+01 1.249950082945668582e-02
6.400000000000000000e+01 1.249950082522730162e-02
6.500000000000000000e+01 1.249950082100275382e-02
6.600000000000000000e+01 1.249950081678434348e-02
6.700000000000000000e+01 1.249950081257333000e-02
6.800000000000000000e+01 1.249950100997343667e-02
6.900000000000000000e+01 1.249950080837100054e-02
7.000000000000000000e+01 1.249950080417866483e-02
7.100000000000000000e+01 1.249950079999756665e-02
7.200000000000000000e+01 1.249950079582900879e-02
7.300000000000000000e+01 1.249950079167425586e-02
7.400000000000000000e+01 1.249950078753456727e-02
7.500000000000000000e+01 1.249950078341121283e-02
7.600000000000000000e+01 1.249950077930544502e-02
7.700000000000000000e+01 1.249950077521854407e-02
7.800000000000000000e+01 1.249950077115173121e-02
7.900000000000000000e+01 1.249950101299228920e-02
8.000000000000000000e+01 1.249950076710625545e-02
8.100000000000000000e+01 1.249950076308334497e-02
8.200000000000000000e+01 1.249950075908424010e-02
8.300000000000000000e+01 1.249950075511016903e-02
8.400000000000000000e+01 1.249950075116233565e-02
8.500000000000000000e+01 1.249950074724194386e-02
8.600000000000000000e+01 1.249950074335021664e-02
8.700000000000000000e+01 1.249950073948831106e-02
8.800000000000000000e+01 1.249950073565741886e-02
8.900000000000000000e+01 1.249950073185871445e-02
9.000000000000000000e+01 1.249950101595893870e-02
9.100000000000000000e+01 1.249950072809336184e-02
9.200000000000000000e+01 1.249950072436251634e-02
9.300000000000000000e+01 1.249950072066732636e-02
9.400000000000000000e+01 1.249950071700889169e-02
9.500000000000000000e+01 1.249950071338835032e-02
9.600000000000000000e+01 1.249950070980682983e-02
9.700000000000000000e+01 1.249950070626540573e-02
9.800000000000000000e+01 1.249950070276515356e-02
9.900000000000000000e+01 1.249950069930716792e-02
1.000000000000000000e+02 1.249950069589248099e-02
1.010000000000000000e+02 1.249950101887251953e-02
1.020000000000000000e+02 1.249950069252216654e-02
1.030000000000000000e+02 1.249950068919725502e-02
1.040000000000000000e+02 1.249950068591872999e-02
1.050000000000000000e+02 1.249950068268763752e-02
1.060000000000000000e+02 1.249950067950494903e-02
1.070000000000000000e+02 1.249950067637163945e-02
1.080000000000000000e+02 1.249950067328868715e-02
1.090000000000000000e+02 1.249950067025700808e-02
1.100000000000000000e+02 1.249950066727754418e-02
1.110000000000000000e+02 1.249950066435120792e-02
1.120000000000000000e+02 1.249950096276910942e-02
1.130000000000000000e+02 1.249950102173214700e-02
1.140000000000000000e+02 1.249950066147890830e-02
1.150000000000000000e+02 1.249950065866149533e-02
1.160000000000000000e+02 1.249950065589987454e-02
1.170000000000000000e+02 1.249950065319484910e-02
1.180000000000000000e+02 1.249950065054729505e-02
1.190000000000000000e+02 1.249950064795799128e-02
1.200000000000000000e+02 1.249950064542775484e-02
1.210000000000000000e+02 1.249950064295734554e-02
1.220000000000000000e+02 1.249950064054751626e-02
1.230000000000000000e+02 1.249950063819900946e-02
1.240000000000000000e+02 1.249950102453693639e-02
1.250000000000000000e+02 1.249950063591255718e-02
1.260000000000000000e+02 1.249950063368884985e-02
1.270000000000000000e+02 1.249950063152859177e-02
1.280000000000000000e+02 1.249950062943242478e-02
1.290000000000000000e+02 1.249950062740098899e-02
1.300000000000000000e+02 1.249950062543492453e-02
1.310000000000000000e+02 1.249950062353480558e-02
1.320000000000000000e+02 1.249950062170125664e-02
1.330000000000000000e+02 1.249950061993481028e-02
1.340000000000000000e+02 1.249950061823602507e-02
1.350000000000000000e+02 1.249950102728603941e-02
1.360000000000000000e+02 1.249950061660539367e-02
1.370000000000000000e+02 1.249950061504345906e-02
1.380000000000000000e+02 1.249950061355068788e-02
1.390000000000000000e+02 1.249950061212750339e-02
1.400000000000000000e+02 1.249950061077438959e-02
1.410000000000000000e+02 1.249950060949174373e-02
1.420000000000000000e+02 1.249950060827994223e-02
1.430000000000000000e+02 1.249950060713939104e-02
1.440000000000000000e+02 1.249950060607040413e-02
1.450000000000000000e+02 1.249950060507333365e-02
1.460000000000000000e+02 1.249950102997863036e-02
1.470000000000000000e+02 1.249950060414848838e-02
1.480000000000000000e+02 1.249950060329613720e-02
1.490000000000000000e+02 1.249950060251653859e-02
1.500000000000000000e+02 1.249950060180996143e-02
1.510000000000000000e+02 1.249950060117657920e-02
1.520000000000000000e+02 1.249950060061662781e-02
1.530000000000000000e+02 1.249950060013024430e-02
1.540000000000000000e+02 1.249950059971760390e-02
1.550000000000000000e+02 1.249950059937880199e-02
1.560000000000000000e+02 1.249950059911397911e-02
1.570000000000000000e+02 1.249950103261391644e-02
1.580000000000000000e+02 1.249950059892320463e-02
1.590000000000000000e+02 1.249950059880652019e-02
1.600000000000000000e+02 1.249950059876397609e-02
1.610000000000000000e+02 1.249950059879558449e-02
1.620000000000000000e+02 1.249950059890134017e-02
1.630000000000000000e+02 1.249950059908117722e-02
1.640000000000000000e+02 1.249950059933509737e-02
1.650000000000000000e+02 1.249950059966297052e-02
1.660000000000000000e+02 1.249950060006470819e-02
1.670000000000000000e+02 1.249950060054021671e-02
1.680000000000000000e+02 1.249950103519107715e-02
1.690000000000000000e+02 1.249950060108931220e-02
1.700000000000000000e+02 1.249950060171184200e-02
1.710000000000000000e+02 1.249950060240760143e-02
1.720000000000000000e+02 1.249950060317638924e-02
1.730000000000000000e+02 1.249950060401797645e-02
1.740000000000000000e+02 1.249950060493209419e-02
1.750000000000000000e+02 1.249950060591844235e-02
1.760000000000000000e+02 1.249950060697674163e-02
1.770000000000000000e+02 1.249950060810666765e-02
1.780000000000000000e+02 1.249950060930787692e-02
1.790000000000000000e+02 1.249950103770933532e-02
1.800000000000000000e+02 1.249950061057996699e-02
1.810000000000000000e+02 1.249950061192257704e-02
1.820000000000000000e+02 1.249950061333528033e-02
1.830000000000000000e+02 1.249950061481765358e-02
1.840000000000000000e+02 1.249950061636923362e-02
1.850000000000000000e+02 1.249950061798954688e-02
1.860000000000000000e+02 1.249950061967810069e-02
1.870000000000000000e+02 1.249950062143435035e-02
1.880000000000000000e+02 1.249950062325779626e-02
1.890000000000000000e+02 1.249950062514784341e-02
1.900000000000000000e+02 1.249950104016792594e-02
1.910000000000000000e+02 1.249950062710393668e-02
1.920000000000000000e+02 1.249950062912543250e-02
1.930000000000000000e+02 1.249950063121176881e-02
1.940000000000000000e+02 1.249950063336226908e-02
1.950000000000000000e+02 1.249950063557628797e-02
1.960000000000000000e+02 1.249950063785311601e-02
1.970000000000000000e+02 1.249950064019209918e-02
1.980000000000000000e+02 1.249950064259248289e-02
1.990000000000000000e+02 1.249950064505354376e-02
2.000000000000000000e+02 1.249950064757453065e-02
2.010000000000000000e+02 1.249950104256610309e-02
2.020000000000000000e+02 1.249950065015466467e-02
2.030000000000000000e+02 1.249950065279316520e-02
2.040000000000000000e+02 1.249950065548919610e-02
2.050000000000000000e+02 1.249950065824195072e-02
2.060000000000000000e+02 1.249950066105059814e-02
2.070000000000000000e+02 1.249950066391423802e-02
2.080000000000000000e+02 1.249950066683201515e-02
2.090000000000000000e+02 1.249950066980305002e-02
2.100000000000000000e+02 1.249950067282640069e-02
2.110000000000000000e+02 1.249950067590115989e-02
2.120000000000000000e+02 1.249950104490315551e-02
2.130000000000000000e+02 1.249950067902638219e-02
2.140000000000000000e+02 1.249950068220111003e-02
2.150000000000000000e+02 1.249950068542435982e-02
2.160000000000000000e+02 1.249950068869515492e-02
2.170000000000000000e+02 1.249950069201249438e-02
2.180000000000000000e+02 1.249950069537535298e-02
2.190000000000000000e+02 1.249950069878270724e-02
2.200000000000000000e+02 1.249950070223351632e-02
2.210000000000000000e+02 1.249950070572672205e-02
2.220000000000000000e+02 1.249950070926125235e-02
2.230000000000000000e+02 1.249950096641587634e-02
2.240000000000000000e+02 1.249950104717838760e-02
2.250000000000000000e+02 1.249950071283603865e-02
2.260000000000000000e+02 1.249950071644994644e-02
2.270000000000000000e+02 1.249950072010192446e-02
2.280000000000000000e+02 1.249950072379081394e-02
2.290000000000000000e+02 1.249950072751549943e-02
2.300000000000000000e+02 1.249950073127485510e-02
2.310000000000000000e+02 1.249950073506771349e-02
2.320000000000000000e+02 1.249950073889291753e-02
2.330000000000000000e+02 1.249950074274930843e-02
2.340000000000000000e+02 1.249950074663571352e-02
2.350000000000000000e+02 1.249950104939107944e-02
2.360000000000000000e+02 1.249950075055091155e-02
2.370000000000000000e+02 1.249950075449372290e-02
2.380000000000000000e+02 1.249950075846296103e-02
2.390000000000000000e+02 1.249950076245739776e-02
2.400000000000000000e+02 1.249950076647580836e-02
2.410000000000000000e+02 1.249950077051695946e-02
2.420000000000000000e+02 1.249950077457964194e-02
2.430000000000000000e+02 1.249950077866260854e-02
2.440000000000000000e+02 1.249950078276459813e-02
2.450000000000000000e+02 1.249950078688437036e-02
2.460000000000000000e+02 1.249950105154057876e-02
2.470000000000000000e+02 1.249950079102065716e-02
2.480000000000000000e+02 1.249950079517220085e-02
2.490000000000000000e+02 1.249950079933775764e-02
2.500000000000000000e+02 1.249950080351601954e-02
2.510000000000000000e+02 1.249950080770574797e-02
2.520000000000000000e+02 1.249950081190562105e-02
2.530000000000000000e+02 1.249950081611440021e-02
2.540000000000000000e+02 1.249950082033078960e-02
2.550000000000000000e+02 1.249950082455351073e-02
2.560000000000000000e+02 1.249950082878125736e-02
2.570000000000000000e+02 1.249950105362623680e-02
2.580000000000000000e+02 1.249950083301274752e-02
2.590000000000000000e+02 1.249950083724670445e-02
2.600000000000000000e+02 1.249950084148182539e-02
2.610000000000000000e+02 1.249950084571683183e-02
2.620000000000000000e+02 1.249950084995042447e-02
2.630000000000000000e+02 1.249950085418131789e-02
2.640000000000000000e+02 1.249950085840822490e-02
2.650000000000000000e+02 1.249950086262986877e-02
2.660000000000000000e+02 1.249950086684493630e-02
2.670000000000000000e+02 1.249950087105217676e-02
2.680000000000000000e+02 1.249950105564741863e-02
2.690000000000000000e+02 1.249950087525029778e-02
2.700000000000000000e+02 1.249950087943802260e-02
2.710000000000000000e+02 1.249950088361407620e-02
2.720000000000000000e+02 1.249950088777719570e-02
2.730000000000000000e+02 1.249950089192608527e-02
2.740000000000000000e+02 1.249950089605953059e-02
2.750000000000000000e+02 1.249950090017624624e-02
2.760000000000000000e+02 1.249950090427500056e-02
2.770000000000000000e+02 1.249950090835451853e-02
2.780000000000000000e+02 1.249950091241359452e-02
2.790000000000000000e+02 1.249950105760350497e-02
2.800000000000000000e+02 1.249950091645096045e-02
2.810000000000000000e+02 1.249950092046542630e-02
2.820000000000000000e+02 1.249950092445573611e-02
2.830000000000000000e+02 1.249950092842072071e-02
2.840000000000000000e+02 1.249950093235912933e-02
2.850000000000000000e+02 1.249950093626981361e-02
2.860000000000000000e+02 1.249950094015154708e-02
2.870000000000000000e+02 1.249950094400317964e-02
2.880000000000000000e+02 1.249950094782352646e-02
2.890000000000000000e+02 1.249950095161143741e-02
2.900000000000000000e+02 1.249950105949391814e-02
2.910000000000000000e+02 1.249950095536577106e-02
2.920000000000000000e+02 1.249950106131808743e-02
2.930000000000000000e+02 1.249950106307546639e-02
2.940000000000000000e+02 1.249950106476550339e-02
2.950000000000000000e+02 1.249950097002457475e-02
2.960000000000000000e+02 1.249950106638769189e-02
2.970000000000000000e+02 1.249950106794156697e-02
2.980000000000000000e+02 1.249950106942663251e-02
2.990000000000000000e+02 1.249950107084244789e-02
3.000000000000000000e+02 1.249950107218857596e-02
3.010000000000000000e+02 1.249950107346462468e-02
3.020000000000000000e+02 1.249950107467019678e-02
3.030000000000000000e+02 1.249950107580495053e-02
3.040000000000000000e+02 1.249950107686850949e-02
3.050000000000000000e+02 1.249950107786056835e-02
3.060000000000000000e+02 1.249950097359409616e-02
3.070000000000000000e+02 1.249950107878083395e-02
3.080000000000000000e+02 1.249950107962902006e-02
3.090000000000000000e+02 1.249950108040488207e-02
3.100000000000000000e+02 1.249950108110815632e-02
3.110000000000000000e+02 1.249950108173866585e-02
3.120000000000000000e+02 1.249950108229617822e-02
3.130000000000000000e+02 1.249950108278056853e-02
3.140000000000000000e+02 1.249950108319167717e-02
3.150000000000000000e+02 1.249950108352935151e-02
3.160000000000000000e+02 1.249950108379353601e-02
3.170000000000000000e+02 1.249950097712336679e-02
3.180000000000000000e+02 1.249950108398410233e-02
3.190000000000000000e+02 1.249950108410102616e-02
3.200000000000000000e+02 1.249950108414425894e-02
3.210000000000000000e+02 1.249950108411379372e-02
3.220000000000000000e+02 1.249950108400963399e-02
3.230000000000000000e+02 1.249950108383181095e-02
3.240000000000000000e+02 1.249950108358037666e-02
3.250000000000000000e+02 1.249950108325540744e-02
3.260000000000000000e+02 1.249950108285700565e-02
3.270000000000000000e+02 1.249950108238527709e-02
3.280000000000000000e+02 1.249950098061132671e-02
3.290000000000000000e+02 1.249950108184039003e-02
3.300000000000000000e+02 1.249950108122249021e-02
3.310000000000000000e+02 1.249950108053175628e-02
3.320000000000000000e+02 1.249950107976840856e-02
3.330000000000000000e+02 1.249950107893268124e-02
3.340000000000000000e+02 1.249950107802481371e-02
3.350000000000000000e+02 1.249950107704508352e-02
3.360000000000000000e+02 1.249950107599379599e-02
3.370000000000000000e+02 1.249950107487126337e-02
3.380000000000000000e+02 1.249950107367782219e-02
3.390000000000000000e+02 1.249950098405690040e-02
3.400000000000000000e+02 1.249950107241381940e-02
3.410000000000000000e+02 1.249950107107966786e-02
3.420000000000000000e+02 1.249950106967572666e-02
3.430000000000000000e+02 1.249950106820245203e-02
3.440000000000000000e+02 1.249950106666028286e-02
3.450000000000000000e+02 1.249950106504967538e-02
3.460000000000000000e+02 1.249950106337114307e-02
3.470000000000000000e+02 1.249950106162515430e-02
3.480000000000000000e+02 1.249950105981225378e-02
3.490000000000000000e+02 1.249950105793299487e-02
3.500000000000000000e+02 1.249950098745905569e-02
3.510000000000000000e+02 1.249950105598793097e-02
3.520000000000000000e+02 1.249950105397768137e-02
3.530000000000000000e+02 1.249950105190279770e-02
3.540000000000000000e+02 1.249950104976395131e-02
3.550000000000000000e+02 1.249950104756178230e-02
3.560000000000000000e+02 1.249950104529694642e-02
3.570000000000000000e+02 1.249950104297012365e-02
3.580000000000000000e+02 1.249950104058204954e-02
3.590000000000000000e+02 1.249950103813340062e-02
3.600000000000000000e+02 1.249950103562494190e-02
