0.000000000000000000e+00 9.984231839616215520e-01
1.000000000000000000e+00 9.984231934757024085e-01
2.000000000000000000e+00 9.984232220151640913e-01
3.000000000000000000e+00 9.984232695716751538e-01
4.000000000000000000e+00 9.984233361313468169e-01
5.000000000000000000e+00 9.984234216747425172e-01
6.000000000000000000e+00 9.984235261768794611e-01
7.000000000000000000e+00 9.984236496072366185e-01
8.000000000000000000e+00 9.984237919297611619e-01
9.000000000000000000e+00 9.984239531028797909e-01
1.000000000000000000e+01 9.984241330795063929e-01
1.100000000000000000e+01 9.984243318070546991e-01
1.200000000000000000e+01 9.984245492274533840e-01
1.300000000000000000e+01 9.984247852771590548e-01
1.400000000000000000e+01 9.984250398871725718e-01
1.500000000000000000e+01 9.984253129830571449e-01
1.600000000000000000e+01 9.984256044849552092e-01
1.700000000000000000e+01 9.984259143076144039e-01
1.800000000000000000e+01 9.984262423603992298e-01
1.900000000000000000e+01 9.984265885473244673e-01
2.000000000000000000e+01 9.984269527670740496e-01
2.100000000000000000e+01 9.984273349130259323e-01
2.200000000000000000e+01 9.984277348732845114e-01
2.300000000000000000e+01 9.984281525307029392e-01
2.400000000000000000e+01 9.984285877629190953e-01
2.500000000000000000e+01 9.984290404423804555e-01
2.600000000000000000e+01 9.984295104363851703e-01
2.700000000000000000e+01 9.984299976071060456e-01
2.800000000000000000e+01 9.984305018116356178e-01
2.900000000000000000e+01 9.984310229020179062e-01
3.000000000000000000e+01 9.984315607252838287e-01
3.100000000000000000e+01 9.984321151234999414e-01
3.200000000000000000e+01 9.984326859337993021e-01
3.300000000000000000e+01 9.984332729884308755e-01
3.400000000000000000e+01 9.984338761148010555e-01
3.500000000000000000e+01 9.984344951355149655e-01
3.600000000000000000e+01 9.984351298684287501e-01
3.700000000000000000e+01 9.984357801266940946e-01
3.800000000000000000e+01 9.984364457188065201e-01
3.900000000000000000e+01 9.984371264486593400e-01
4.000000000000000000e+01 9.984378221155890687e-01
4.100000000000000000e+01 9.984385325144347068e-01
4.200000000000000000e+01 9.984392574355893668e-01
4.300000000000000000e+01 9.984399966650548963e-01
4.400000000000000000e+01 9.984407499845001643e-01
4.500000000000000000e+01 9.984415171713187931e-01
4.600000000000000000e+01 9.984422979986892210e-01
4.700000000000000000e+01 9.984430922356335447e-01
4.800000000000000000e+01 9.984438996470821337e-01
4.900000000000000000e+01 9.984447199939353590e-01
5.000000000000000000e+01 9.984455530331265427e-01
5.100000000000000000e+01 9.984463985176925682e-01
5.200000000000000000e+01 9.984472561968340543e-01
5.300000000000000000e+01 9.984481258159910722e-01
5.400000000000000000e+01 9.984490071169055403e-01
5.500000000000000000e+01 9.984498998376957202e-01
5.600000000000000000e+01 9.984508037129267155e-01
5.700000000000000000e+01 9.984517184736860784e-01
5.800000000000000000e+01 9.984526438476536425e-01
5.900000000000000000e+01 9.984535795591783502e-01
6.000000000000000000e+01 9.984545253293558575e-01
6.100000000000000000e+01 9.984554808761069156e-01
6.200000000000000000e+01 9.984564459142520887e-01
6.300000000000000000e+01 9.984574201555947992e-01
6.400000000000000000e+01 9.984584033089978217e-01
6.500000000000000000e+01 9.984593950804746543e-01
6.600000000000000000e+01 9.984603951732609062e-01
6.700000000000000000e+01 9.984614032879035594e-01
6.800000000000000000e+01 9.984624191223476775e-01
6.900000000000000000e+01 9.984634423720180063e-01
7.000000000000000000e+01 9.984644727299106792e-01
7.100000000000000000e+01 9.984655098866758172e-01
7.200000000000000000e+01 9.984665535307108986e-01
7.300000000000000000e+01 9.984676033482462465e-01
7.400000000000000000e+01 9.984686590234383985e-01
7.500000000000000000e+01 9.984697202384616999e-01
7.600000000000000000e+01 9.984707866735982318e-01
7.700000000000000000e+01 9.984718580073337346e-01
7.800000000000000000e+01 9.984729339164486461e-01
7.900000000000000000e+01 9.984740140761139138e-01
8.000000000000000000e+01 9.984750981599885833e-01
8.100000000000000000e+01 9.984761858403128354e-01
8.200000000000000000e+01 9.984772767880045752e-01
8.300000000000000000e+01 9.984783706727613506e-01
8.400000000000000000e+01 9.984794671631518348e-01
8.500000000000000000e+01 9.984805659267216305e-01
8.600000000000000000e+01 9.984816666300860843e-01
8.700000000000000000e+01 9.984827689390370908e-01
8.800000000000000000e+01 9.984838725186371278e-01
8.900000000000000000e+01 9.984849770333252827e-01
9.000000000000000000e+01 9.984860821470131764e-01
9.100000000000000000e+01 9.984864117680014584e-01
9.200000000000000000e+01 9.984864180750049334e-01
9.300000000000000000e+01 9.984864242352243791e-01
9.400000000000000000e+01 9.984864302411542436e-01
9.500000000000000000e+01 9.984864360854781573e-01
9.600000000000000000e+01 9.984864417610743725e-01
9.700000000000000000e+01 9.984864472610293085e-01
9.800000000000000000e+01 9.984864525786412148e-01
9.900000000000000000e+01 9.984864577074321623e-01
1.000000000000000000e+02 9.984864626411532607e-01
1.010000000000000000e+02 9.984864673737928742e-01
1.020000000000000000e+02 9.984864718995858368e-01
1.030000000000000000e+02 9.984864762130181148e-01
1.040000000000000000e+02 9.984864803088334684e-01
1.050000000000000000e+02 9.984864841820434433e-01
1.060000000000000000e+02 9.984864878279275935e-01
1.070000000000000000e+02 9.984864912420452487e-01
1.080000000000000000e+02 9.984864944202352932e-01
1.090000000000000000e+02 9.984864973586269343e-01
1.100000000000000000e+02 9.984865000536399249e-01
1.110000000000000000e+02 9.984865025019898921e-01
1.120000000000000000e+02 9.984865047006949990e-01
1.130000000000000000e+02 9.984865066470763884e-01
1.140000000000000000e+02 9.984865083387618467e-01
1.150000000000000000e+02 9.984865097736912443e-01
1.160000000000000000e+02 9.984865109501156466e-01
1.170000000000000000e+02 9.984865118666026440e-01
1.180000000000000000e+02 9.984865125220345750e-01
1.190000000000000000e+02 9.984865129156137442e-01
1.200000000000000000e+02 9.984865130468597583e-01
1.210000000000000000e+02 9.984865129156136332e-01
1.220000000000000000e+02 9.984865125220344639e-01
1.230000000000000000e+02 9.984865118666027550e-01
1.240000000000000000e+02 9.984865109501156466e-01
1.250000000000000000e+02 9.984865097736913553e-01
1.260000000000000000e+02 9.984865083387617357e-01
1.270000000000000000e+02 9.984865066470762773e-01
1.280000000000000000e+02 9.984865047006949990e-01
1.290000000000000000e+02 9.984865025019897811e-01
1.300000000000000000e+02 9.984865000536399249e-01
1.310000000000000000e+02 9.984864973586269343e-01
1.320000000000000000e+02 9.984864944202352932e-01
1.330000000000000000e+02 9.984864912420453598e-01
1.340000000000000000e+02 9.984864878279277045e-01
1.350000000000000000e+02 9.984864841820434433e-01
1.360000000000000000e+02 9.984864803088335794e-01
1.370000000000000000e+02 9.984864762130181148e-01
1.380000000000000000e+02 9.984864718995858368e-01
1.390000000000000000e+02 9.984864673737927632e-01
1.400000000000000000e+02 9.984864626411533717e-01
1.410000000000000000e+02 9.984864577074320513e-01
1.420000000000000000e+02 9.984864525786412148e-01
1.430000000000000000e+02 9.984864472610293085e-01
1.440000000000000000e+02 9.984864417610742615e-01
1.450000000000000000e+02 9.984864360854781573e-01
1.460000000000000000e+02 9.984864302411541326e-01
1.470000000000000000e+02 9.984864242352243791e-01
1.480000000000000000e+02 9.984864180750050444e-01
1.490000000000000000e+02 9.984864117680015694e-01
1.500000000000000000e+02 9.984860821470133985e-01
1.510000000000000000e+02 9.984596682888156050e-01
1.520000000000000000e+02 9.984332627389079784e-01
1.530000000000000000e+02 9.984068735403168748e-01
1.540000000000000000e+02 9.983805087308481596e-01
1.550000000000000000e+02 9.983541763406419411e-01
1.560000000000000000e+02 9.983278843897234189e-01
1.570000000000000000e+02 9.983016408855658330e-01
1.580000000000000000e+02 9.982754538206468631e-01
1.590000000000000000e+02 9.982493311700236793e-01
1.600000000000000000e+02 9.982232808888982234e-01
1.610000000000000000e+02 9.981973109102014741e-01
1.620000000000000000e+02 9.981714291421799334e-01
1.630000000000000000e+02 9.981456434659831123e-01
1.640000000000000000e+02 9.981199617332767726e-01
1.650000000000000000e+02 9.980943917638422924e-01
1.660000000000000000e+02 9.980689413432124457e-01
1.670000000000000000e+02 9.980436182202901962e-01
1.680000000000000000e+02 9.980184301050022411e-01
1.690000000000000000e+02 9.979933846659509999e-01
1.700000000000000000e+02 9.979684895280859225e-01
1.710000000000000000e+02 9.979437522703806795e-01
1.720000000000000000e+02 9.979191804235362229e-01
1.730000000000000000e+02 9.978947814676898398e-01
1.740000000000000000e+02 9.978705628301393071e-01
1.750000000000000000e+02 9.978465318830921360e-01
1.760000000000000000e+02 9.978226959414204789e-01
1.770000000000000000e+02 9.977990622604437920e-01
1.780000000000000000e+02 9.977756380337217124e-01
1.790000000000000000e+02 9.977524303908720249e-01
1.800000000000000000e+02 9.977294463954050618e-01
1.810000000000000000e+02 9.977066930425774194e-01
1.820000000000000000e+02 9.976841772572719869e-01
1.830000000000000000e+02 9.976619058918921867e-01
1.840000000000000000e+02 9.976398857242830820e-01
1.850000000000000000e+02 9.976181234556765753e-01
1.860000000000000000e+02 9.975966257086555933e-01
1.870000000000000000e+02 9.975753990251445824e-01
1.880000000000000000e+02 9.975544498644262070e-01
1.890000000000000000e+02 9.975337846011795850e-01
1.900000000000000000e+02 9.975134095235490550e-01
1.910000000000000000e+02 9.974933308312353697e-01
1.920000000000000000e+02 9.974735546336157554e-01
1.930000000000000000e+02 9.974540869478922822e-01
1.940000000000000000e+02 9.974349336972641034e-01
1.950000000000000000e+02 9.974161007091334463e-01
1.960000000000000000e+02 9.973975937133436886e-01
1.970000000000000000e+02 9.973794183404315339e-01
1.980000000000000000e+02 9.973615801199319231e-01
1.990000000000000000e+02 9.973440844786931603e-01
2.000000000000000000e+02 9.973269367392365581e-01
2.010000000000000000e+02 9.973101421181437276e-01
2.020000000000000000e+02 9.972937057244727344e-01
2.030000000000000000e+02 9.972776325582124457e-01
2.040000000000000000e+02 9.972619275087688528e-01
2.050000000000000000e+02 9.972465953534798144e-01
2.060000000000000000e+02 9.972316407561737650e-01
2.070000000000000000e+02 9.972170682657467422e-01
2.080000000000000000e+02 9.972028823147973675e-01
2.090000000000000000e+02 9.971890872182774812e-01
2.100000000000000000e+02 9.971756871721827453e-01
2.110000000000000000e+02 9.971626862522852131e-01
2.120000000000000000e+02 9.971500884129063103e-01
2.130000000000000000e+02 9.971378974857012523e-01
2.140000000000000000e+02 9.971261171785207322e-01
2.150000000000000000e+02 9.971147510742679465e-01
2.160000000000000000e+02 9.971038026298318924e-01
2.170000000000000000e+02 9.970932751750261058e-01
2.180000000000000000e+02 9.970831719115929026e-01
2.190000000000000000e+02 9.970734959122216079e-01
2.200000000000000000e+02 9.970642501196311791e-01
2.210000000000000000e+02 9.970554373456714803e-01
2.220000000000000000e+02 9.970470602704742946e-01
2.230000000000000000e+02 9.970391214416416403e-01
2.240000000000000000e+02 9.970316232734778294e-01
2.250000000000000000e+02 9.970245680462540561e-01
2.260000000000000000e+02 9.970179579055213903e-01
2.270000000000000000e+02 9.970117948614617420e-01
2.280000000000000000e+02 9.970060807882790144e-01
2.290000000000000000e+02 9.970008174236315579e-01
2.300000000000000000e+02 9.969960063681041484e-01
2.310000000000000000e+02 9.969916490847309243e-01
2.320000000000000000e+02 9.969877468985427482e-01
2.330000000000000000e+02 9.969843009961778524e-01
2.340000000000000000e+02 9.969813124255101355e-01
2.350000000000000000e+02 9.969787820953417423e-01
2.360000000000000000e+02 9.969767107751261737e-01
2.370000000000000000e+02 9.969750990947311431e-01
2.380000000000000000e+02 9.969739475442528365e-01
2.390000000000000000e+02 9.969732564738668090e-01
2.400000000000000000e+02 9.969730260937191835e-01
2.410000000000000000e+02 9.969732564738671421e-01
2.420000000000000000e+02 9.969739475442528365e-01
2.430000000000000000e+02 9.969750990947315872e-01
2.440000000000000000e+02 9.969767107751259516e-01
2.450000000000000000e+02 9.969787820953416313e-01
2.460000000000000000e+02 9.969813124255104686e-01
2.470000000000000000e+02 9.969843009961777414e-01
2.480000000000000000e+02 9.969877468985430813e-01
2.490000000000000000e+02 9.969916490847305912e-01
2.500000000000000000e+02 9.969960063681040374e-01
2.510000000000000000e+02 9.970008174236313359e-01
2.520000000000000000e+02 9.970060807882789033e-01
2.530000000000000000e+02 9.970117948614620751e-01
2.540000000000000000e+02 9.970179579055215013e-01
2.550000000000000000e+02 9.970245680462537230e-01
2.560000000000000000e+02 9.970316232734774964e-01
2.570000000000000000e+02 9.970391214416416403e-01
2.580000000000000000e+02 9.970470602704745167e-01
2.590000000000000000e+02 9.970554373456713693e-01
2.600000000000000000e+02 9.970642501196306240e-01
2.610000000000000000e+02 9.970734959122212748e-01
2.620000000000000000e+02 9.970831719115922365e-01
2.630000000000000000e+02 9.970932751750264389e-01
2.640000000000000000e+02 9.971038026298321144e-01
2.650000000000000000e+02 9.971147510742679465e-01
2.660000000000000000e+02 9.971261171785201771e-01
2.670000000000000000e+02 9.971378974857019184e-01
2.680000000000000000e+02 9.971500884129063103e-01
2.690000000000000000e+02 9.971626862522856571e-01
2.700000000000000000e+02 9.971756871721824123e-01
2.710000000000000000e+02 9.971890872182769261e-01
2.720000000000000000e+02 9.972028823147985888e-01
2.730000000000000000e+02 9.972170682657470753e-01
2.740000000000000000e+02 9.972316407561735430e-01
2.750000000000000000e+02 9.972465953534809247e-01
2.760000000000000000e+02 9.972619275087689639e-01
2.770000000000000000e+02 9.972776325582124457e-01
2.780000000000000000e+02 9.972937057244725123e-01
2.790000000000000000e+02 9.973101421181435056e-01
2.800000000000000000e+02 9.973269367392374463e-01
2.810000000000000000e+02 9.973440844786934933e-01
2.820000000000000000e+02 9.973615801199319231e-01
2.830000000000000000e+02 9.973794183404320890e-01
2.840000000000000000e+02 9.973975937133435776e-01
2.850000000000000000e+02 9.974161007091341125e-01
2.860000000000000000e+02 9.974349336972635482e-01
2.870000000000000000e+02 9.974540869478922822e-01
2.880000000000000000e+02 9.974735546336164216e-01
2.890000000000000000e+02 9.974933308312354807e-01
2.900000000000000000e+02 9.975134095235490550e-01
2.910000000000000000e+02 9.975337846011796961e-01
2.920000000000000000e+02 9.975544498644262070e-01
2.930000000000000000e+02 9.975753990251452485e-01
2.940000000000000000e+02 9.975966257086558153e-01
2.950000000000000000e+02 9.976181234556767974e-01
2.960000000000000000e+02 9.976398857242829710e-01
2.970000000000000000e+02 9.976619058918925198e-01
2.980000000000000000e+02 9.976841772572725420e-01
2.990000000000000000e+02 9.977066930425776414e-01
3.000000000000000000e+02 9.977294463954048398e-01
3.010000000000000000e+02 9.977524303908719139e-01
3.020000000000000000e+02 9.977756380337220454e-01
3.030000000000000000e+02 9.977990622604440141e-01
3.040000000000000000e+02 9.978226959414209229e-01
3.050000000000000000e+02 9.978465318830926911e-01
3.060000000000000000e+02 9.978705628301397512e-01
3.070000000000000000e+02 9.978947814676898398e-01
3.080000000000000000e+02 9.979191804235364449e-01
3.090000000000000000e+02 9.979437522703804575e-01
3.100000000000000000e+02 9.979684895280858115e-01
3.110000000000000000e+02 9.979933846659512220e-01
3.120000000000000000e+02 9.980184301050026852e-01
3.130000000000000000e+02 9.980436182202901962e-01
3.140000000000000000e+02 9.980689413432126678e-01
3.150000000000000000e+02 9.980943917638427365e-01
3.160000000000000000e+02 9.981199617332763285e-01
3.170000000000000000e+02 9.981456434659832233e-01
3.180000000000000000e+02 9.981714291421794893e-01
3.190000000000000000e+02 9.981973109102025843e-01
3.200000000000000000e+02 9.982232808888981124e-01
3.210000000000000000e+02 9.982493311700236793e-01
3.220000000000000000e+02 9.982754538206473072e-01
3.230000000000000000e+02 9.983016408855654999e-01
3.240000000000000000e+02 9.983278843897235300e-01
3.250000000000000000e+02 9.983541763406412750e-01
3.260000000000000000e+02 9.983805087308482706e-01
3.270000000000000000e+02 9.984068735403172079e-01
3.280000000000000000e+02 9.984326859337993021e-01
3.290000000000000000e+02 9.984321151234998304e-01
3.300000000000000000e+02 9.984315607252837177e-01
3.310000000000000000e+02 9.984310229020171290e-01
3.320000000000000000e+02 9.984305018116356178e-01
3.330000000000000000e+02 9.984299976071060456e-01
3.340000000000000000e+02 9.984295104363851703e-01
3.350000000000000000e+02 9.984290404423813436e-01
3.360000000000000000e+02 9.984285877629185402e-01
3.370000000000000000e+02 9.984281525307034943e-01
3.380000000000000000e+02 9.984277348732851776e-01
3.390000000000000000e+02 9.984273349130257103e-01
3.400000000000000000e+02 9.984269527670736055e-01
3.410000000000000000e+02 9.984265885473250224e-01
3.420000000000000000e+02 9.984262423603988967e-01
3.430000000000000000e+02 9.984259143076141818e-01
3.440000000000000000e+02 9.984256044849555423e-01
3.450000000000000000e+02 9.984253129830567008e-01
3.460000000000000000e+02 9.984250398871716836e-01
3.470000000000000000e+02 9.984247852771589438e-01
3.480000000000000000e+02 9.984245492274532729e-01
3.490000000000000000e+02 9.984243318070542550e-01
3.500000000000000000e+02 9.984241330795062819e-01
3.510000000000000000e+02 9.984239531028799020e-01
3.520000000000000000e+02 9.984237919297618280e-01
3.530000000000000000e+02 9.984236496072365075e-01
3.540000000000000000e+02 9.984235261768792391e-01
3.550000000000000000e+02 9.984234216747418511e-01
3.560000000000000000e+02 9.984233361313461508e-01
3.570000000000000000e+02 9.984232695716748207e-01
3.580000000000000000e+02 9.984232220151643133e-01
3.590000000000000000e+02 9.984231934757020754e-01
3.600000000000000000e+02 9.984231839616215520e-01
