0.000000000000000000e+00 9.984861898719753492e-01
1.000000000000000000e+00 9.984861834258721425e-01
2.000000000000000000e+00 9.984861771188683344e-01
3.000000000000000000e+00 9.984861709586489997e-01
4.000000000000000000e+00 9.984861649527191352e-01
5.000000000000000000e+00 9.984861591083956656e-01
6.000000000000000000e+00 9.984861534327992283e-01
7.000000000000000000e+00 9.984861479328438483e-01
8.000000000000000000e+00 9.984861426152321640e-01
9.000000000000000000e+00 9.984861374864406613e-01
1.000000000000000000e+01 9.984861325527202291e-01
1.100000000000000000e+01 9.984861278200803936e-01
1.200000000000000000e+01 9.984861232942869869e-01
1.300000000000000000e+01 9.984861189808555970e-01
1.400000000000000000e+01 9.984861148850393553e-01
1.500000000000000000e+01 9.984861110118299354e-01
1.600000000000000000e+01 9.984861073659453412e-01
1.700000000000000000e+01 9.984861039518283521e-01
1.800000000000000000e+01 9.984861007736380856e-01
1.900000000000000000e+01 9.984860978352463334e-01
2.000000000000000000e+01 9.984860951402338980e-01
2.100000000000000000e+01 9.984860926918832646e-01
2.200000000000000000e+01 9.984860904931777137e-01
2.300000000000000000e+01 9.984860885467971015e-01
2.400000000000000000e+01 9.984860868551108659e-01
2.500000000000000000e+01 9.984860854201820235e-01
2.600000000000000000e+01 9.984860842437571771e-01
2.700000000000000000e+01 9.984860833272705127e-01
2.800000000000000000e+01 9.984860826718385818e-01
2.900000000000000000e+01 9.984860822782596346e-01
3.000000000000000000e+01 9.984860821470131764e-01
3.100000000000000000e+01 9.984860822782597456e-01
3.200000000000000000e+01 9.984860826718386928e-01
3.300000000000000000e+01 9.984860833272706238e-01
3.400000000000000000e+01 9.984860842437570660e-01
3.500000000000000000e+01 9.984860854201821345e-01
3.600000000000000000e+01 9.984860868551107549e-01
3.700000000000000000e+01 9.984860885467973235e-01
3.800000000000000000e+01 9.984860904931776027e-01
3.900000000000000000e+01 9.984860926918833757e-01
4.000000000000000000e+01 9.984860951402338980e-01
4.100000000000000000e+01 9.984860978352464445e-01
4.200000000000000000e+01 9.984861007736381966e-01
4.300000000000000000e+01 9.984861039518282411e-01
4.400000000000000000e+01 9.984861073659454522e-01
4.500000000000000000e+01 9.984861110118299354e-01
4.600000000000000000e+01 9.984861148850393553e-01
4.700000000000000000e+01 9.984861189808555970e-01
4.800000000000000000e+01 9.984861232942870979e-01
4.900000000000000000e+01 9.984861278200803936e-01
5.000000000000000000e+01 9.984861325527202291e-01
5.100000000000000000e+01 9.984861374864407724e-01
5.200000000000000000e+01 9.984861426152320529e-01
5.300000000000000000e+01 9.984861479328437373e-01
5.400000000000000000e+01 9.984861534327991173e-01
5.500000000000000000e+01 9.984861591083957766e-01
5.600000000000000000e+01 9.984861649527190242e-01
5.700000000000000000e+01 9.984861709586489997e-01
5.800000000000000000e+01 9.984861771188684454e-01
5.900000000000000000e+01 9.984861834258720314e-01
6.000000000000000000e+01 9.984861898719752382e-01
6.100000000000000000e+01 9.984861964493245701e-01
6.200000000000000000e+01 9.984862031499065482e-01
6.300000000000000000e+01 9.984862099655581469e-01
6.400000000000000000e+01 9.984862168879747868e-01
6.500000000000000000e+01 9.984862239087229918e-01
6.600000000000000000e+01 9.984862310192491597e-01
6.700000000000000000e+01 9.984862382108897760e-01
6.800000000000000000e+01 9.984862454748829608e-01
6.900000000000000000e+01 9.984862528023789041e-01
7.000000000000000000e+01 9.984862601844501917e-01
7.100000000000000000e+01 9.984862676121025737e-01
7.200000000000000000e+01 9.984862750762868444e-01
7.300000000000000000e+01 9.984862825679096110e-01
7.400000000000000000e+01 9.984862900778431749e-01
7.500000000000000000e+01 9.984862975969366339e-01
7.600000000000000000e+01 9.984863051160304259e-01
7.700000000000000000e+01 9.984863126259635457e-01
7.800000000000000000e+01 9.984863201175859793e-01
7.900000000000000000e+01 9.984863275817703610e-01
8.000000000000000000e+01 9.984863350094231871e-01
8.100000000000000000e+01 9.984863423914944747e-01
8.200000000000000000e+01 9.984863497189905290e-01
8.300000000000000000e+01 9.984863569829837138e-01
8.400000000000000000e+01 9.984863641746242191e-01
8.500000000000000000e+01 9.984863712851501649e-01
8.600000000000000000e+01 9.984863783058984810e-01
8.700000000000000000e+01 9.984863852283152319e-01
8.800000000000000000e+01 9.984863920439666085e-01
8.900000000000000000e+01 9.984863987445488087e-01
9.000000000000000000e+01 9.984864053218981406e-01
9.100000000000000000e+01 9.984871875231949856e-01
9.200000000000000000e+01 9.984882928250411460e-01
9.300000000000000000e+01 9.984893977155049338e-01
9.400000000000000000e+01 9.984905018574294910e-01
9.500000000000000000e+01 9.984916049136436378e-01
9.600000000000000000e+01 9.984927065470722285e-01
9.700000000000000000e+01 9.984938064208337405e-01
9.800000000000000000e+01 9.984949041983519624e-01
9.900000000000000000e+01 9.984959995434545821e-01
1.000000000000000000e+02 9.984970921204786576e-01
1.010000000000000000e+02 9.984981815943794192e-01
1.020000000000000000e+02 9.984992676308280801e-01
1.030000000000000000e+02 9.985003498963233026e-01
1.040000000000000000e+02 9.985014280582927837e-01
1.050000000000000000e+02 9.985025017851990592e-01
1.060000000000000000e+02 9.985035707466413113e-01
1.070000000000000000e+02 9.985046346134653916e-01
1.080000000000000000e+02 9.985056930578651846e-01
1.090000000000000000e+02 9.985067457534851920e-01
1.100000000000000000e+02 9.985077923755301121e-01
1.110000000000000000e+02 9.985088326008652038e-01
1.120000000000000000e+02 9.985098661081175386e-01
1.130000000000000000e+02 9.985108925777859135e-01
1.140000000000000000e+02 9.985119116923382165e-01
1.150000000000000000e+02 9.985129231363167879e-01
1.160000000000000000e+02 9.985139265964408928e-01
1.170000000000000000e+02 9.985149217617050876e-01
1.180000000000000000e+02 9.985159083234854682e-01
1.190000000000000000e+02 9.985168859756374804e-01
1.200000000000000000e+02 9.985178544145945079e-01
1.210000000000000000e+02 9.985188133394720111e-01
1.220000000000000000e+02 9.985197624521614523e-01
1.230000000000000000e+02 9.985207014574313256e-01
1.240000000000000000e+02 9.985216300630237463e-01
1.250000000000000000e+02 9.985225479797517067e-01
1.260000000000000000e+02 9.985234549215931121e-01
1.270000000000000000e+02 9.985243506057892571e-01
1.280000000000000000e+02 9.985252347529322003e-01
1.290000000000000000e+02 9.985261070870662392e-01
1.300000000000000000e+02 9.985269673357740627e-01
1.310000000000000000e+02 9.985278152302716759e-01
1.320000000000000000e+02 9.985286505054935535e-01
1.330000000000000000e+02 9.985294729001871206e-01
1.340000000000000000e+02 9.985302821569975729e-01
1.350000000000000000e+02 9.985310780225558069e-01
1.360000000000000000e+02 9.985318602475612426e-01
1.370000000000000000e+02 9.985326285868736385e-01
1.380000000000000000e+02 9.985333827995837019e-01
1.390000000000000000e+02 9.985341226491072364e-01
1.400000000000000000e+02 9.985348479032584157e-01
1.410000000000000000e+02 9.985355583343298314e-01
1.420000000000000000e+02 9.985362537191749821e-01
1.430000000000000000e+02 9.985369338392751093e-01
1.440000000000000000e+02 9.985375984808203542e-01
1.450000000000000000e+02 9.985382474347870296e-01
1.460000000000000000e+02 9.985388804969971277e-01
1.470000000000000000e+02 9.985394974681998104e-01
1.480000000000000000e+02 9.985389026047695182e-01
1.490000000000000000e+02 9.985124962677034421e-01
1.500000000000000000e+02 9.984864053218981406e-01
1.510000000000000000e+02 9.984863987445488087e-01
1.520000000000000000e+02 9.984863920439666085e-01
1.530000000000000000e+02 9.984863852283153429e-01
1.540000000000000000e+02 9.984863783058984810e-01
1.550000000000000000e+02 9.984863712851501649e-01
1.560000000000000000e+02 9.984863641746241081e-01
1.570000000000000000e+02 9.984863569829837138e-01
1.580000000000000000e+02 9.984863497189905290e-01
1.590000000000000000e+02 9.984863423914944747e-01
1.600000000000000000e+02 9.984863350094231871e-01
1.610000000000000000e+02 9.984863275817705830e-01
1.620000000000000000e+02 9.984863201175858682e-01
1.630000000000000000e+02 9.984863126259635457e-01
1.640000000000000000e+02 9.984863051160305369e-01
1.650000000000000000e+02 9.984862975969365229e-01
1.660000000000000000e+02 9.984862900778431749e-01
1.670000000000000000e+02 9.984862825679097220e-01
1.680000000000000000e+02 9.984862750762869554e-01
1.690000000000000000e+02 9.984862676121027958e-01
1.700000000000000000e+02 9.984862601844501917e-01
1.710000000000000000e+02 9.984862528023789041e-01
1.720000000000000000e+02 9.984862454748828497e-01
1.730000000000000000e+02 9.984862382108897760e-01
1.740000000000000000e+02 9.984862310192489376e-01
1.750000000000000000e+02 9.984862239087229918e-01
1.760000000000000000e+02 9.984862168879747868e-01
1.770000000000000000e+02 9.984862099655581469e-01
1.780000000000000000e+02 9.984862031499065482e-01
1.790000000000000000e+02 9.984861964493244590e-01
1.800000000000000000e+02 9.984861898719753492e-01
1.810000000000000000e+02 9.984861834258722535e-01
1.820000000000000000e+02 9.984861771188683344e-01
1.830000000000000000e+02 9.984861709586488887e-01
1.840000000000000000e+02 9.984861649527193572e-01
1.850000000000000000e+02 9.984861591083956656e-01
1.860000000000000000e+02 9.984861534327990062e-01
1.870000000000000000e+02 9.984861479328437373e-01
1.880000000000000000e+02 9.984861426152321640e-01
1.890000000000000000e+02 9.984861374864407724e-01
1.900000000000000000e+02 9.984861325527203402e-01
1.910000000000000000e+02 9.984861278200802825e-01
1.920000000000000000e+02 9.984861232942868758e-01
1.930000000000000000e+02 9.984861189808555970e-01
1.940000000000000000e+02 9.984861148850393553e-01
1.950000000000000000e+02 9.984861110118298244e-01
1.960000000000000000e+02 9.984861073659454522e-01
1.970000000000000000e+02 9.984861039518282411e-01
1.980000000000000000e+02 9.984861007736379745e-01
1.990000000000000000e+02 9.984860978352463334e-01
2.000000000000000000e+02 9.984860951402336759e-01
2.010000000000000000e+02 9.984860926918833757e-01
2.020000000000000000e+02 9.984860904931777137e-01
2.030000000000000000e+02 9.984860885467972125e-01
2.040000000000000000e+02 9.984860868551108659e-01
2.050000000000000000e+02 9.984860854201820235e-01
2.060000000000000000e+02 9.984860842437572881e-01
2.070000000000000000e+02 9.984860833272705127e-01
2.080000000000000000e+02 9.984860826718384708e-01
2.090000000000000000e+02 9.984860822782598566e-01
2.100000000000000000e+02 9.984860821470132874e-01
2.110000000000000000e+02 9.984860822782596346e-01
2.120000000000000000e+02 9.984860826718386928e-01
2.130000000000000000e+02 9.984860833272706238e-01
2.140000000000000000e+02 9.984860842437571771e-01
2.150000000000000000e+02 9.984860854201821345e-01
2.160000000000000000e+02 9.984860868551108659e-01
2.170000000000000000e+02 9.984860885467972125e-01
2.180000000000000000e+02 9.984860904931777137e-01
2.190000000000000000e+02 9.984860926918833757e-01
2.200000000000000000e+02 9.984860951402340090e-01
2.210000000000000000e+02 9.984860978352463334e-01
2.220000000000000000e+02 9.984861007736379745e-01
2.230000000000000000e+02 9.984861039518283521e-01
2.240000000000000000e+02 9.984861073659454522e-01
2.250000000000000000e+02 9.984861110118299354e-01
2.260000000000000000e+02 9.984861148850392443e-01
2.270000000000000000e+02 9.984861189808554860e-01
2.280000000000000000e+02 9.984861232942870979e-01
2.290000000000000000e+02 9.984861278200805046e-01
2.300000000000000000e+02 9.984861325527201181e-01
2.310000000000000000e+02 9.984861374864407724e-01
2.320000000000000000e+02 9.984861426152320529e-01
2.330000000000000000e+02 9.984861479328438483e-01
2.340000000000000000e+02 9.984861534327991173e-01
2.350000000000000000e+02 9.984861591083956656e-01
2.360000000000000000e+02 9.984861649527190242e-01
2.370000000000000000e+02 9.984861709586488887e-01
2.380000000000000000e+02 9.984861771188682233e-01
2.390000000000000000e+02 9.984861834258720314e-01
2.400000000000000000e+02 9.984861898719753492e-01
2.410000000000000000e+02 9.984861964493244590e-01
2.420000000000000000e+02 9.984862031499066592e-01
2.430000000000000000e+02 9.984862099655582579e-01
2.440000000000000000e+02 9.984862168879747868e-01
2.450000000000000000e+02 9.984862239087227698e-01
2.460000000000000000e+02 9.984862310192490487e-01
2.470000000000000000e+02 9.984862382108898871e-01
2.480000000000000000e+02 9.984862454748828497e-01
2.490000000000000000e+02 9.984862528023786821e-01
2.500000000000000000e+02 9.984862601844500807e-01
2.510000000000000000e+02 9.984862676121027958e-01
2.520000000000000000e+02 9.984862750762869554e-01
2.530000000000000000e+02 9.984862825679097220e-01
2.540000000000000000e+02 9.984862900778431749e-01
2.550000000000000000e+02 9.984862975969366339e-01
2.560000000000000000e+02 9.984863051160305369e-01
2.570000000000000000e+02 9.984863126259634347e-01
2.580000000000000000e+02 9.984863201175858682e-01
2.590000000000000000e+02 9.984863275817704720e-01
2.600000000000000000e+02 9.984863350094228540e-01
2.610000000000000000e+02 9.984863423914942526e-01
2.620000000000000000e+02 9.984863497189905290e-01
2.630000000000000000e+02 9.984863569829836027e-01
2.640000000000000000e+02 9.984863641746241081e-01
2.650000000000000000e+02 9.984863712851500539e-01
2.660000000000000000e+02 9.984863783058984810e-01
2.670000000000000000e+02 9.984863852283152319e-01
2.680000000000000000e+02 9.984863920439666085e-01
2.690000000000000000e+02 9.984863987445486977e-01
2.700000000000000000e+02 9.984860821470136205e-01
2.710000000000000000e+02 9.984849770333247276e-01
2.720000000000000000e+02 9.984838725186377939e-01
2.730000000000000000e+02 9.984827689390376459e-01
2.740000000000000000e+02 9.984816666300865284e-01
2.750000000000000000e+02 9.984805659267211864e-01
2.760000000000000000e+02 9.984794671631516128e-01
2.770000000000000000e+02 9.984783706727610175e-01
2.780000000000000000e+02 9.984772767880047972e-01
2.790000000000000000e+02 9.984761858403129464e-01
2.800000000000000000e+02 9.984750981599891384e-01
2.810000000000000000e+02 9.984740140761145799e-01
2.820000000000000000e+02 9.984729339164480910e-01
2.830000000000000000e+02 9.984718580073340677e-01
2.840000000000000000e+02 9.984707866735983428e-01
2.850000000000000000e+02 9.984697202384618109e-01
2.860000000000000000e+02 9.984686590234381764e-01
2.870000000000000000e+02 9.984676033482461355e-01
2.880000000000000000e+02 9.984665535307112316e-01
2.890000000000000000e+02 9.984655098866763723e-01
2.900000000000000000e+02 9.984644727299110123e-01
2.910000000000000000e+02 9.984634423720183394e-01
2.920000000000000000e+02 9.984624191223471223e-01
2.930000000000000000e+02 9.984614032879036705e-01
2.940000000000000000e+02 9.984603951732603511e-01
2.950000000000000000e+02 9.984593950804745432e-01
2.960000000000000000e+02 9.984584033089979327e-01
2.970000000000000000e+02 9.984574201555944661e-01
2.980000000000000000e+02 9.984564459142525328e-01
2.990000000000000000e+02 9.984554808761075817e-01
3.000000000000000000e+02 9.984545253293566347e-01
3.010000000000000000e+02 9.984535795591779062e-01
3.020000000000000000e+02 9.984526438476536425e-01
3.030000000000000000e+02 9.984517184736859674e-01
3.040000000000000000e+02 9.984508037129269375e-01
3.050000000000000000e+02 9.984498998376953871e-01
3.060000000000000000e+02 9.984490071169050962e-01
3.070000000000000000e+02 9.984481258159914052e-01
3.080000000000000000e+02 9.984472561968342763e-01
3.090000000000000000e+02 9.984463985176926792e-01
3.100000000000000000e+02 9.984455530331258766e-01
3.110000000000000000e+02 9.984447199939345818e-01
3.120000000000000000e+02 9.984438996470820227e-01
3.130000000000000000e+02 9.984430922356339888e-01
3.140000000000000000e+02 9.984422979986889990e-01
3.150000000000000000e+02 9.984415171713186821e-01
3.160000000000000000e+02 9.984407499845003864e-01
3.170000000000000000e+02 9.984399966650551184e-01
3.180000000000000000e+02 9.984392574355891448e-01
3.190000000000000000e+02 9.984385325144349288e-01
3.200000000000000000e+02 9.984378221155890687e-01
3.210000000000000000e+02 9.984371264486596731e-01
3.220000000000000000e+02 9.984364457188071862e-01
3.230000000000000000e+02 9.984357801266934285e-01
3.240000000000000000e+02 9.984351298684284171e-01
3.250000000000000000e+02 9.984344951355146325e-01
3.260000000000000000e+02 9.984338761148008334e-01
3.270000000000000000e+02 9.984332729884309865e-01
3.280000000000000000e+02 9.984332627389082004e-01
3.290000000000000000e+02 9.984596682888159380e-01
3.300000000000000000e+02 9.984860821470132874e-01
3.310000000000000000e+02 9.984863987445486977e-01
3.320000000000000000e+02 9.984863920439666085e-01
3.330000000000000000e+02 9.984863852283153429e-01
3.340000000000000000e+02 9.984863783058984810e-01
3.350000000000000000e+02 9.984863712851500539e-01
3.360000000000000000e+02 9.984863641746241081e-01
3.370000000000000000e+02 9.984863569829837138e-01
3.380000000000000000e+02 9.984863497189906401e-01
3.390000000000000000e+02 9.984863423914944747e-01
3.400000000000000000e+02 9.984863350094231871e-01
3.410000000000000000e+02 9.984863275817705830e-01
3.420000000000000000e+02 9.984863201175858682e-01
3.430000000000000000e+02 9.984863126259635457e-01
3.440000000000000000e+02 9.984863051160307590e-01
3.450000000000000000e+02 9.984862975969366339e-01
3.460000000000000000e+02 9.984862900778430639e-01
3.470000000000000000e+02 9.984862825679092779e-01
3.480000000000000000e+02 9.984862750762869554e-01
3.490000000000000000e+02 9.984862676121025737e-01
3.500000000000000000e+02 9.984862601844501917e-01
3.510000000000000000e+02 9.984862528023786821e-01
3.520000000000000000e+02 9.984862454748828497e-01
3.530000000000000000e+02 9.984862382108897760e-01
3.540000000000000000e+02 9.984862310192489376e-01
3.550000000000000000e+02 9.984862239087229918e-01
3.560000000000000000e+02 9.984862168879747868e-01
3.570000000000000000e+02 9.984862099655582579e-01
3.580000000000000000e+02 9.984862031499066592e-01
3.590000000000000000e+02 9.984861964493245701e-01
3.600000000000000000e+02 9.984861898719753492e-01
