0.000000000000000000e+00 6.489923840196305328e-15
1.000000000000000000e+00 6.557668778253502329e-15
2.000000000000000000e+00 6.624761514521597390e-15
3.000000000000000000e+00 6.691181866714446841e-15
4.000000000000000000e+00 6.756909682445591512e-15
5.000000000000000000e+00 6.821925168124768057e-15
6.000000000000000000e+00 6.886208649760448756e-15
7.000000000000000000e+00 6.949740393561736893e-15
8.000000000000000000e+00 7.012501473029181689e-15
9.000000000000000000e+00 7.074472632766820246e-15
1.000000000000000000e+01 7.135635006074568413e-15
1.100000000000000000e+01 7.195970264446638540e-15
1.200000000000000000e+01 7.255460408273759831e-15
1.300000000000000000e+01 7.314086810053314647e-15
1.400000000000000000e+01 7.371832307367160261e-15
1.500000000000000000e+01 7.428678840806656877e-15
1.600000000000000000e+01 7.484609666549230534e-15
1.700000000000000000e+01 7.539607980972931960e-15
1.800000000000000000e+01 7.593656502060889902e-15
1.900000000000000000e+01 7.646739263382284736e-15
2.000000000000000000e+01 7.698840477904403820e-15
2.100000000000000000e+01 7.749943760600865076e-15
2.200000000000000000e+01 7.800033862633249998e-15
2.300000000000000000e+01 7.849096013558068378e-15
2.400000000000000000e+01 7.897114844938170033e-15
2.500000000000000000e+01 7.944076483320560239e-15
2.600000000000000000e+01 7.989965859264919587e-15
2.700000000000000000e+01 8.034769816910649743e-15
2.800000000000000000e+01 8.078474602403492395e-15
2.900000000000000000e+01 8.121066760886016852e-15
3.000000000000000000e+01 8.162533854090022743e-15
3.100000000000000000e+01 8.202862905553010828e-15
3.200000000000000000e+01 8.242042075000445446e-15
3.300000000000000000e+01 8.280059312860006550e-15
3.400000000000000000e+01 8.316903107753671383e-15
3.500000000000000000e+01 8.352562366898982803e-15
3.600000000000000000e+01 8.387026356309678704e-15
3.700000000000000000e+01 8.420284730695382036e-15
3.800000000000000000e+01 8.452327443762544952e-15
3.900000000000000000e+01 8.483144389418256918e-15
4.000000000000000000e+01 8.512727016353125544e-15
4.100000000000000000e+01 8.541065756668537588e-15
4.200000000000000000e+01 8.568151939456372135e-15
4.300000000000000000e+01 8.593978059896152403e-15
4.400000000000000000e+01 8.618535835775637801e-15
4.500000000000000000e+01 8.641817881873083227e-15
4.600000000000000000e+01 8.663817231562310765e-15
4.700000000000000000e+01 8.684527306913021246e-15
4.800000000000000000e+01 8.703941709393014600e-15
4.900000000000000000e+01 8.722054877661220399e-15
5.000000000000000000e+01 8.738860801881322053e-15
5.100000000000000000e+01 8.754354847602423596e-15
5.200000000000000000e+01 8.768532051477122464e-15
5.300000000000000000e+01 8.781388287349137851e-15
5.400000000000000000e+01 8.792919458961874238e-15
5.500000000000000000e+01 8.803122486647966422e-15
5.600000000000000000e+01 8.811994081442264820e-15
5.700000000000000000e+01 8.819531313175816465e-15
5.800000000000000000e+01 8.825732178569850736e-15
5.900000000000000000e+01 8.830595033141792053e-15
6.000000000000000000e+01 8.834117813813500801e-15
6.100000000000000000e+01 8.836299683393848914e-15
6.200000000000000000e+01 8.837140133588222809e-15
6.300000000000000000e+01 8.836638745801056875e-15
6.400000000000000000e+01 8.834795699430450209e-15
6.500000000000000000e+01 8.831611383172286291e-15
6.600000000000000000e+01 8.827087142512303615e-15
6.700000000000000000e+01 8.821224053839101495e-15
6.800000000000000000e+01 8.814023970933033585e-15
6.900000000000000000e+01 8.805489106370654888e-15
7.000000000000000000e+01 8.795621612929156144e-15
7.100000000000000000e+01 8.784425078570516136e-15
7.200000000000000000e+01 8.771902612861786928e-15
7.300000000000000000e+01 8.758057863564314722e-15
7.400000000000000000e+01 8.742895196031842104e-15
7.500000000000000000e+01 8.726418796220015721e-15
7.600000000000000000e+01 8.708633986272441063e-15
7.700000000000000000e+01 8.689546297630503271e-15
7.800000000000000000e+01 8.669161142136858959e-15
7.900000000000000000e+01 8.647484709025923816e-15
8.000000000000000000e+01 8.624523606127680718e-15
8.100000000000000000e+01 8.600284889767358708e-15
8.200000000000000000e+01 8.574775795668287501e-15
8.300000000000000000e+01 8.548003738951892756e-15
8.400000000000000000e+01 8.519977151328828870e-15
8.500000000000000000e+01 8.490704285111655880e-15
8.600000000000000000e+01 8.460194110205322320e-15
8.700000000000000000e+01 8.428455716113516293e-15
8.800000000000000000e+01 8.395498670734854197e-15
8.900000000000000000e+01 8.361332990463197016e-15
9.000000000000000000e+01 8.325968990689242825e-15
9.100000000000000000e+01 8.289417704396081348e-15
9.200000000000000000e+01 8.251689506773774921e-15
9.300000000000000000e+01 8.212796118498130681e-15
9.400000000000000000e+01 8.172749349943999007e-15
9.500000000000000000e+01 8.131561071285602423e-15
9.600000000000000000e+01 8.089244049687657366e-15
9.700000000000000000e+01 8.045810753318046335e-15
9.800000000000000000e+01 8.001274457636099347e-15
9.900000000000000000e+01 7.955648737097980351e-15
1.000000000000000000e+02 7.908947405357313496e-15
1.010000000000000000e+02 7.861184216268360249e-15
1.020000000000000000e+02 7.812374029973660369e-15
1.030000000000000000e+02 7.762531078722402039e-15
1.040000000000000000e+02 7.711671149547304209e-15
1.050000000000000000e+02 7.659809102590905059e-15
1.060000000000000000e+02 7.606960784685286224e-15
1.070000000000000000e+02 7.553142132361580464e-15
1.080000000000000000e+02 7.498369530646168282e-15
1.090000000000000000e+02 7.442659543963527700e-15
1.100000000000000000e+02 7.386028975935604833e-15
1.110000000000000000e+02 7.328494809582443313e-15
1.120000000000000000e+02 7.270074895014896974e-15
1.130000000000000000e+02 7.210786454450474384e-15
1.140000000000000000e+02 7.150647726695916011e-15
1.150000000000000000e+02 7.089676950557955223e-15
1.160000000000000000e+02 7.027892484442063377e-15
1.170000000000000000e+02 6.965312806352441932e-15
1.180000000000000000e+02 6.901957530481254349e-15
1.190000000000000000e+02 6.837845254431435342e-15
1.200000000000000000e+02 6.772995592395148371e-15
1.210000000000000000e+02 6.707428397762021831e-15
1.220000000000000000e+02 6.641163165125485134e-15
1.230000000000000000e+02 6.574220166470732287e-15
1.240000000000000000e+02 6.506620002679469415e-15
1.250000000000000000e+02 6.438382796238475135e-15
1.260000000000000000e+02 6.369529267628188830e-15
1.270000000000000000e+02 6.300080376526517186e-15
1.280000000000000000e+02 6.230057291909148115e-15
1.290000000000000000e+02 6.159481421949233678e-15
1.300000000000000000e+02 6.088373666525315510e-15
1.310000000000000000e+02 6.016756091603575432e-15
1.320000000000000000e+02 5.944650314654950675e-15
1.330000000000000000e+02 5.872077893351008690e-15
1.340000000000000000e+02 5.799061551450963422e-15
1.350000000000000000e+02 5.725622846626385476e-15
1.360000000000000000e+02 5.651784383037753173e-15
1.370000000000000000e+02 5.577568525648083844e-15
1.380000000000000000e+02 5.502997818818489970e-15
1.390000000000000000e+02 5.428095225505650433e-15
1.400000000000000000e+02 5.352883290070680084e-15
1.410000000000000000e+02 5.277384497075325563e-15
1.420000000000000000e+02 5.201622407469930461e-15
1.430000000000000000e+02 5.125619774913390067e-15
1.440000000000000000e+02 5.049399801559848988e-15
1.450000000000000000e+02 4.972985510165351946e-15
1.460000000000000000e+02 4.896400342081507697e-15
1.470000000000000000e+02 4.819667888158342750e-15
1.480000000000000000e+02 4.742810931954436104e-15
1.490000000000000000e+02 4.665853213818228078e-15
1.500000000000000000e+02 4.588817786405447892e-15
1.510000000000000000e+02 4.511728629262001592e-15
1.520000000000000000e+02 4.434609123940132883e-15
1.530000000000000000e+02 4.357482711791450522e-15
1.540000000000000000e+02 4.280372624869782034e-15
1.550000000000000000e+02 4.203302782921666839e-15
1.560000000000000000e+02 4.126296268502517075e-15
1.570000000000000000e+02 4.049377001358872950e-15
1.580000000000000000e+02 3.972568004246779185e-15
1.590000000000000000e+02 3.895893017514676890e-15
1.600000000000000000e+02 3.819375183517344044e-15
1.610000000000000000e+02 3.743038063205121871e-15
1.620000000000000000e+02 3.666904679334055882e-15
1.630000000000000000e+02 3.590998712453221347e-15
1.640000000000000000e+02 3.515342826522464795e-15
1.650000000000000000e+02 3.439960761890226940e-15
1.660000000000000000e+02 3.364874704121424437e-15
1.670000000000000000e+02 3.290108124467349356e-15
1.680000000000000000e+02 3.215683776586898169e-15
1.690000000000000000e+02 3.141624414138967741e-15
1.700000000000000000e+02 3.067952342287206406e-15
1.710000000000000000e+02 2.994690553887975572e-15
1.720000000000000000e+02 2.921861264405875209e-15
1.730000000000000000e+02 2.849486569706771634e-15
1.740000000000000000e+02 2.777588834753679415e-15
1.750000000000000000e+02 2.706189706917218311e-15
1.760000000000000000e+02 2.635311431561670029e-15
1.770000000000000000e+02 2.564975237462089109e-15
1.780000000000000000e+02 2.495203011186559853e-15
1.790000000000000000e+02 2.426015921710770569e-15
1.800000000000000000e+02 2.357435257609142032e-15
1.810000000000000000e+02 2.289481649663064865e-15
1.820000000000000000e+02 2.222176446246326472e-15
1.830000000000000000e+02 2.155539859544753442e-15
1.840000000000000000e+02 2.089592251242587753e-15
1.850000000000000000e+02 2.024353923224705542e-15
1.860000000000000000e+02 1.959845237175349181e-15
1.870000000000000000e+02 1.896085179393334894e-15
1.880000000000000000e+02 1.833093842465756802e-15
1.890000000000000000e+02 1.770890302390480284e-15
1.900000000000000000e+02 1.709493635165371310e-15
1.910000000000000000e+02 1.648922737390196755e-15
1.920000000000000000e+02 1.589196236567574649e-15
1.930000000000000000e+02 1.530332281805192558e-15
1.940000000000000000e+02 1.472348783013272323e-15
1.950000000000000000e+02 1.415263590302669551e-15
1.960000000000000000e+02 1.359094404285824065e-15
1.970000000000000000e+02 1.303858357481195282e-15
1.980000000000000000e+02 1.249572223611044620e-15
1.990000000000000000e+02 1.196252656798900440e-15
2.000000000000000000e+02 1.143916610165123258e-15
2.010000000000000000e+02 1.092579272748766132e-15
2.020000000000000000e+02 1.042256610980644743e-15
2.030000000000000000e+02 9.929642324953763817e-16
2.040000000000000000e+02 9.447176253288458679e-16
2.050000000000000000e+02 8.975307825327792111e-16
2.060000000000000000e+02 8.514189230459128831e-16
2.070000000000000000e+02 8.063955316253586205e-16
2.080000000000000000e+02 7.624749302193575091e-16
2.090000000000000000e+02 7.196704241869224846e-16
2.100000000000000000e+02 6.779952291880170329e-16
2.110000000000000000e+02 6.374616638921093525e-16
2.120000000000000000e+02 5.980828841597964978e-16
2.130000000000000000e+02 5.598707302656161038e-16
2.140000000000000000e+02 5.228365640891744530e-16
2.150000000000000000e+02 4.869922857043755133e-16
2.160000000000000000e+02 4.523485692981127897e-16
2.170000000000000000e+02 4.189162086560126007e-16
2.180000000000000000e+02 3.867052799713049265e-16
2.190000000000000000e+02 3.557256800391207983e-16
2.200000000000000000e+02 3.259870365574426512e-16
2.210000000000000000e+02 2.974988576255202548e-16
2.220000000000000000e+02 2.702692161578108992e-16
2.230000000000000000e+02 2.443066335640195676e-16
2.240000000000000000e+02 2.196192425579698581e-16
2.250000000000000000e+02 1.962146376591883496e-16
2.260000000000000000e+02 1.740999349922707367e-16
2.270000000000000000e+02 1.532821011833968576e-16
2.280000000000000000e+02 1.337671161692017638e-16
2.290000000000000000e+02 1.155614382812512924e-16
2.300000000000000000e+02 9.867027006441797197e-17
2.310000000000000000e+02 8.309911306040603167e-17
2.320000000000000000e+02 6.885257182042445045e-17
2.330000000000000000e+02 5.593498179853367281e-17
2.340000000000000000e+02 4.435031965259597407e-17
2.350000000000000000e+02 3.410214344490923240e-17
2.360000000000000000e+02 2.519359264220684252e-17
2.370000000000000000e+02 1.762759741343998207e-17
2.380000000000000000e+02 1.140648993389631769e-17
2.390000000000000000e+02 6.531525990269213426e-18
2.400000000000000000e+02 3.004977958479988504e-18
2.410000000000000000e+02 8.276232302911989495e-19
2.420000000000000000e+02 0.000000000000000000e+00
2.430000000000000000e+02 5.225268631708451514e-19
2.440000000000000000e+02 2.395203819803734500e-18
2.450000000000000000e+02 5.616775083205306499e-18
2.460000000000000000e+02 1.018706125527651142e-17
2.470000000000000000e+02 1.610420855566047921e-17
2.480000000000000000e+02 2.336618380590129797e-17
2.490000000000000000e+02 3.197140232279067329e-17
2.500000000000000000e+02 4.191645554244663287e-17
2.510000000000000000e+02 5.319880199179926990e-17
2.520000000000000000e+02 6.581488360855073088e-17
2.530000000000000000e+02 7.976069383515553711e-17
2.540000000000000000e+02 9.503210651533550123e-17
2.550000000000000000e+02 1.116240985023171794e-16
2.560000000000000000e+02 1.295318260474261629e-16
2.570000000000000000e+02 1.487497876089582226e-16
2.580000000000000000e+02 1.692720929493278306e-16
2.590000000000000000e+02 1.910922239376027924e-16
2.600000000000000000e+02 2.142034830447518167e-16
2.610000000000000000e+02 2.385990531430109712e-16
2.620000000000000000e+02 2.642710407160219887e-16
2.630000000000000000e+02 2.912119110436246726e-16
2.640000000000000000e+02 3.194132623148468039e-16
2.650000000000000000e+02 3.488662741231516863e-16
2.660000000000000000e+02 3.795618270651708120e-16
2.670000000000000000e+02 4.114908017375358207e-16
2.680000000000000000e+02 4.446434508435314639e-16
2.690000000000000000e+02 4.790093094940464999e-16
2.700000000000000000e+02 5.145777932012368733e-16
2.710000000000000000e+02 5.513378988816940025e-16
2.720000000000000000e+02 5.892787430507421684e-16
2.730000000000000000e+02 6.283882163366953863e-16
2.740000000000000000e+02 6.686545382643825514e-16
2.750000000000000000e+02 7.100652705656028982e-16
2.760000000000000000e+02 7.526080347715216982e-16
2.770000000000000000e+02 7.962692265262942533e-16
2.780000000000000000e+02 8.410360487655216043e-16
2.790000000000000000e+02 8.868941496412795482e-16
2.800000000000000000e+02 9.338295660015252918e-16
2.810000000000000000e+02 9.818283346942161403e-16
2.820000000000000000e+02 1.030875236780615622e-15
2.830000000000000000e+02 1.080955352318819324e-15
2.840000000000000000e+02 1.132053791266606146e-15
2.850000000000000000e+02 1.184154108798229549e-15
2.860000000000000000e+02 1.237240697279072046e-15
2.870000000000000000e+02 1.291297351080852625e-15
2.880000000000000000e+02 1.346307386180359613e-15
2.890000000000000000e+02 1.402254178353747569e-15
2.900000000000000000e+02 1.459120266186042002e-15
2.910000000000000000e+02 1.516888248061635046e-15
2.920000000000000000e+02 1.575540243969987781e-15
2.930000000000000000e+02 1.635058971894224812e-15
2.940000000000000000e+02 1.695425475435213424e-15
2.950000000000000000e+02 1.756621695184315404e-15
2.960000000000000000e+02 1.818628734541764073e-15
2.970000000000000000e+02 1.881427397910960994e-15
2.980000000000000000e+02 1.944998788692139293e-15
2.990000000000000000e+02 2.009323412291868375e-15
3.000000000000000000e+02 2.074381176123055301e-15
3.010000000000000000e+02 2.140152645391635710e-15
3.020000000000000000e+02 2.206617667711149248e-15
3.030000000000000000e+02 2.273755672099571525e-15
3.040000000000000000e+02 2.341546147374244389e-15
3.050000000000000000e+02 2.409968253455994805e-15
3.060000000000000000e+02 2.479001509061847144e-15
3.070000000000000000e+02 2.548624506018648557e-15
3.080000000000000000e+02 2.618815836153245405e-15
3.090000000000000000e+02 2.689554180991533202e-15
3.100000000000000000e+02 2.760818012761626632e-15
3.110000000000000000e+02 2.832585235597658587e-15
3.120000000000000000e+02 2.904834531025525372e-15
3.130000000000000000e+02 2.977542906188865185e-15
3.140000000000000000e+02 3.050689102412940168e-15
3.150000000000000000e+02 3.124250186640754755e-15
3.160000000000000000e+02 3.198203943407710554e-15
3.170000000000000000e+02 3.272527619054910304e-15
3.180000000000000000e+02 3.347198669221240341e-15
3.190000000000000000e+02 3.422194190749388410e-15
3.200000000000000000e+02 3.497491310381725178e-15
3.210000000000000000e+02 3.573067453857453271e-15
3.220000000000000000e+02 3.648898970527181521e-15
3.230000000000000000e+02 3.724962867534548522e-15
3.240000000000000000e+02 3.801236062324141343e-15
3.250000000000000000e+02 3.877695472340550214e-15
3.260000000000000000e+02 3.954317417034699863e-15
3.270000000000000000e+02 4.031078993249277249e-15
3.280000000000000000e+02 4.107956341037110370e-15
3.290000000000000000e+02 4.184926258244053042e-15
3.300000000000000000e+02 4.261965064321032360e-15
3.310000000000000000e+02 4.339049736512002026e-15
3.320000000000000000e+02 4.416156534468520929e-15
3.330000000000000000e+02 4.493261897240248635e-15
3.340000000000000000e+02 4.570342503074306489e-15
3.350000000000000000e+02 4.647374611622254172e-15
3.360000000000000000e+02 4.724335499124877736e-15
3.370000000000000000e+02 4.801200887039440359e-15
3.380000000000000000e+02 4.877947752609896531e-15
3.390000000000000000e+02 4.954552654484635919e-15
3.400000000000000000e+02 5.030992569907613799e-15
3.410000000000000000e+02 5.107243997727855577e-15
3.420000000000000000e+02 5.183283556393117548e-15
3.430000000000000000e+02 5.259088342746086670e-15
3.440000000000000000e+02 5.334635692826917992e-15
3.450000000000000000e+02 5.409902075584950054e-15
3.460000000000000000e+02 5.484865096157486552e-15
3.470000000000000000e+02 5.559501223493868392e-15
3.480000000000000000e+02 5.633788750424108793e-15
3.490000000000000000e+02 5.707704444894382593e-15
3.500000000000000000e+02 5.781226031640722801e-15
3.510000000000000000e+02 5.854331235399164790e-15
3.520000000000000000e+02 5.926997511808593713e-15
3.530000000000000000e+02 5.999203452695855929e-15
3.540000000000000000e+02 6.070926633298570638e-15
3.550000000000000000e+02 6.142145495945168810e-15
3.560000000000000000e+02 6.212838393265030295e-15
3.570000000000000000e+02 6.282984066583418417e-15
3.580000000000000000e+02 6.352560898429397523e-15
3.590000000000000000e+02 6.421547839426011379e-15
3.600000000000000000e+02 6.489923840196305328e-15
