0.000000000000000000e+00 9.992429333485449705e-01
1.000000000000000000e+00 9.992656998560713877e-01
2.000000000000000000e+00 9.992882290425411096e-01
3.000000000000000000e+00 9.993105140392245511e-01
4.000000000000000000e+00 9.993325480516661585e-01
5.000000000000000000e+00 9.993543243617690752e-01
6.000000000000000000e+00 9.993758363298418379e-01
7.000000000000000000e+00 9.993970773966340815e-01
8.000000000000000000e+00 9.994180410853393814e-01
9.000000000000000000e+00 9.994387210035776681e-01
1.000000000000000000e+01 9.994591108453508843e-01
1.100000000000000000e+01 9.994792043929699998e-01
1.200000000000000000e+01 9.994989955189585995e-01
1.300000000000000000e+01 9.995184781879279390e-01
1.400000000000000000e+01 9.995376464584219134e-01
1.500000000000000000e+01 9.995564944847394884e-01
1.600000000000000000e+01 9.995750165187173852e-01
1.700000000000000000e+01 9.995932069114952245e-01
1.800000000000000000e+01 9.996110601152400355e-01
1.900000000000000000e+01 9.996285706848474506e-01
2.000000000000000000e+01 9.996457332796088169e-01
2.100000000000000000e+01 9.996625426648451107e-01
2.200000000000000000e+01 9.996789937135085458e-01
2.300000000000000000e+01 9.996950814077546488e-01
2.400000000000000000e+01 9.997108008404791413e-01
2.500000000000000000e+01 9.997261472168197383e-01
2.600000000000000000e+01 9.997411158556230859e-01
2.700000000000000000e+01 9.997557021908832775e-01
2.800000000000000000e+01 9.997699017731349613e-01
2.900000000000000000e+01 9.997837102708199142e-01
3.000000000000000000e+01 9.997971234716135358e-01
3.100000000000000000e+01 9.998101372837169265e-01
3.200000000000000000e+01 9.998227477371032235e-01
3.300000000000000000e+01 9.998349509847459515e-01
3.400000000000000000e+01 9.998467433037879770e-01
3.500000000000000000e+01 9.998581210966874799e-01
3.600000000000000000e+01 9.998690808923165196e-01
3.700000000000000000e+01 9.998796193470321780e-01
3.800000000000000000e+01 9.998897332456904152e-01
3.900000000000000000e+01 9.998994195026426057e-01
4.000000000000000000e+01 9.999086751626748981e-01
4.100000000000000000e+01 9.999174974019144901e-01
4.200000000000000000e+01 9.999258835286984892e-01
4.300000000000000000e+01 9.999338309843938122e-01
4.400000000000000000e+01 9.999413373441902175e-01
4.500000000000000000e+01 9.999484003178330527e-01
4.600000000000000000e+01 9.999550177503344628e-01
4.700000000000000000e+01 9.999611876226275342e-01
4.800000000000000000e+01 9.999669080521915721e-01
4.900000000000000000e+01 9.999721772936230879e-01
5.000000000000000000e+01 9.999769937391743690e-01
5.100000000000000000e+01 9.999813559192491930e-01
5.200000000000000000e+01 9.999852625028469166e-01
5.300000000000000000e+01 9.999887122979752574e-01
5.400000000000000000e+01 9.999917042520144461e-01
5.500000000000000000e+01 9.999942374520411903e-01
5.600000000000000000e+01 9.999963111251062298e-01
5.700000000000000000e+01 9.999979246384737008e-01
5.800000000000000000e+01 9.999990774998159804e-01
5.900000000000000000e+01 9.999997693573602353e-01
6.000000000000000000e+01 1.000000000000000000e+00
6.100000000000000000e+01 9.999997693573597912e-01
6.200000000000000000e+01 9.999990774998159804e-01
6.300000000000000000e+01 9.999979246384738119e-01
6.400000000000000000e+01 9.999963111251057857e-01
6.500000000000000000e+01 9.999942374520407462e-01
6.600000000000000000e+01 9.999917042520145571e-01
6.700000000000000000e+01 9.999887122979750353e-01
6.800000000000000000e+01 9.999852625028473607e-01
6.900000000000000000e+01 9.999813559192496371e-01
7.000000000000000000e+01 9.999769937391743690e-01
7.100000000000000000e+01 9.999721772936223108e-01
7.200000000000000000e+01 9.999669080521914610e-01
7.300000000000000000e+01 9.999611876226282003e-01
7.400000000000000000e+01 9.999550177503343518e-01
7.500000000000000000e+01 9.999484003178324976e-01
7.600000000000000000e+01 9.999413373441902175e-01
7.700000000000000000e+01 9.999338309843937012e-01
7.800000000000000000e+01 9.999258835286986002e-01
7.900000000000000000e+01 9.999174974019141571e-01
8.000000000000000000e+01 9.999086751626746761e-01
8.100000000000000000e+01 9.998994195026423837e-01
8.200000000000000000e+01 9.998897332456906373e-01
8.300000000000000000e+01 9.998796193470320670e-01
8.400000000000000000e+01 9.998690808923171858e-01
8.500000000000000000e+01 9.998581210966877020e-01
8.600000000000000000e+01 9.998467433037880880e-01
8.700000000000000000e+01 9.998349509847457295e-01
8.800000000000000000e+01 9.998227477371032235e-01
8.900000000000000000e+01 9.998101372837168155e-01
9.000000000000000000e+01 9.997971234716137579e-01
9.100000000000000000e+01 9.997837102708202472e-01
9.200000000000000000e+01 9.997699017731354054e-01
9.300000000000000000e+01 9.997557021908829444e-01
9.400000000000000000e+01 9.997411158556234190e-01
9.500000000000000000e+01 9.997261472168199603e-01
9.600000000000000000e+01 9.997108008404798074e-01
9.700000000000000000e+01 9.996950814077555370e-01
9.800000000000000000e+01 9.996789937135092119e-01
9.900000000000000000e+01 9.996625426648451107e-01
1.000000000000000000e+02 9.996457332796091499e-01
1.010000000000000000e+02 9.996285706848478947e-01
1.020000000000000000e+02 9.996110601152400355e-01
1.030000000000000000e+02 9.995932069114953356e-01
1.040000000000000000e+02 9.995750165187171632e-01
1.050000000000000000e+02 9.995564944847394884e-01
1.060000000000000000e+02 9.995376464584221354e-01
1.070000000000000000e+02 9.995184781879272728e-01
1.080000000000000000e+02 9.994989955189589326e-01
1.090000000000000000e+02 9.994792043929701109e-01
1.100000000000000000e+02 9.994591108453507733e-01
1.110000000000000000e+02 9.994387210035775571e-01
1.120000000000000000e+02 9.994180410853390484e-01
1.130000000000000000e+02 9.993970773966339705e-01
1.140000000000000000e+02 9.993758363298417269e-01
1.150000000000000000e+02 9.993543243617691862e-01
1.160000000000000000e+02 9.993325480516663806e-01
1.170000000000000000e+02 9.993105140392244401e-01
1.180000000000000000e+02 9.992882290425415537e-01
1.190000000000000000e+02 9.992656998560713877e-01
1.200000000000000000e+02 9.992429333485451926e-01
1.210000000000000000e+02 9.992199364608719270e-01
1.220000000000000000e+02 9.991967162040160666e-01
1.230000000000000000e+02 9.991732796568543185e-01
1.240000000000000000e+02 9.991496339640171254e-01
1.250000000000000000e+02 9.991257863336990841e-01
1.260000000000000000e+02 9.991017440354577062e-01
1.270000000000000000e+02 9.990775143979983008e-01
1.280000000000000000e+02 9.990531048069272169e-01
1.290000000000000000e+02 9.990285227025011983e-01
1.300000000000000000e+02 9.990037755773546468e-01
1.310000000000000000e+02 9.989788709742091211e-01
1.320000000000000000e+02 9.989538164835723988e-01
1.330000000000000000e+02 9.989286197414207757e-01
1.340000000000000000e+02 9.989032884268670420e-01
1.350000000000000000e+02 9.988778302598166903e-01
1.360000000000000000e+02 9.988522529986145759e-01
1.370000000000000000e+02 9.988265644376727037e-01
1.380000000000000000e+02 9.988007724050961267e-01
1.390000000000000000e+02 9.987748847602911928e-01
1.400000000000000000e+02 9.987489093915692395e-01
1.410000000000000000e+02 9.987228542137425169e-01
1.420000000000000000e+02 9.986967271657090084e-01
1.430000000000000000e+02 9.986705362080287030e-01
1.440000000000000000e+02 9.986442893204980908e-01
1.450000000000000000e+02 9.986179944997219948e-01
1.460000000000000000e+02 9.985916597566660835e-01
1.470000000000000000e+02 9.985652931142241506e-01
1.480000000000000000e+02 9.985400981541345811e-01
1.490000000000000000e+02 9.985406823655985642e-01
1.500000000000000000e+02 9.985412499185128965e-01
1.510000000000000000e+02 9.985418006339858987e-01
1.520000000000000000e+02 9.985423343383742489e-01
1.530000000000000000e+02 9.985428508633423794e-01
1.540000000000000000e+02 9.985433500459243161e-01
1.550000000000000000e+02 9.985438317285755261e-01
1.560000000000000000e+02 9.985442957592308710e-01
1.570000000000000000e+02 9.985447419913567879e-01
1.580000000000000000e+02 9.985451702839996946e-01
1.590000000000000000e+02 9.985455805018391695e-01
1.600000000000000000e+02 9.985459725152331378e-01
1.610000000000000000e+02 9.985463462002618362e-01
1.620000000000000000e+02 9.985467014387734430e-01
1.630000000000000000e+02 9.985470381184228250e-01
1.640000000000000000e+02 9.985473561327122827e-01
1.650000000000000000e+02 9.985476553810305189e-01
1.660000000000000000e+02 9.985479357686839474e-01
1.670000000000000000e+02 9.985481972069319978e-01
1.680000000000000000e+02 9.985484396130184237e-01
1.690000000000000000e+02 9.985486629102003908e-01
1.700000000000000000e+02 9.985488670277740120e-01
1.710000000000000000e+02 9.985490519011011035e-01
1.720000000000000000e+02 9.985492174716296132e-01
1.730000000000000000e+02 9.985493636869178236e-01
1.740000000000000000e+02 9.985494905006452315e-01
1.750000000000000000e+02 9.985495978726411925e-01
1.760000000000000000e+02 9.985496857688855865e-01
1.770000000000000000e+02 9.985497541615306893e-01
1.780000000000000000e+02 9.985498030289053917e-01
1.790000000000000000e+02 9.985498323555264122e-01
1.800000000000000000e+02 9.985498421320984086e-01
1.810000000000000000e+02 9.985498323555263012e-01
1.820000000000000000e+02 9.985498030289058358e-01
1.830000000000000000e+02 9.985497541615310224e-01
1.840000000000000000e+02 9.985496857688859196e-01
1.850000000000000000e+02 9.985495978726406374e-01
1.860000000000000000e+02 9.985494905006452315e-01
1.870000000000000000e+02 9.985493636869169354e-01
1.880000000000000000e+02 9.985492174716299463e-01
1.890000000000000000e+02 9.985490519011004373e-01
1.900000000000000000e+02 9.985488670277743450e-01
1.910000000000000000e+02 9.985486629102002798e-01
1.920000000000000000e+02 9.985484396130185347e-01
1.930000000000000000e+02 9.985481972069318868e-01
1.940000000000000000e+02 9.985479357686845026e-01
1.950000000000000000e+02 9.985476553810309630e-01
1.960000000000000000e+02 9.985473561327129488e-01
1.970000000000000000e+02 9.985470381184223809e-01
1.980000000000000000e+02 9.985467014387734430e-01
1.990000000000000000e+02 9.985463462002616142e-01
2.000000000000000000e+02 9.985459725152324717e-01
2.010000000000000000e+02 9.985455805018389475e-01
2.020000000000000000e+02 9.985451702839992505e-01
2.030000000000000000e+02 9.985447419913564548e-01
2.040000000000000000e+02 9.985442957592314261e-01
2.050000000000000000e+02 9.985438317285755261e-01
2.060000000000000000e+02 9.985433500459244271e-01
2.070000000000000000e+02 9.985428508633427125e-01
2.080000000000000000e+02 9.985423343383736938e-01
2.090000000000000000e+02 9.985418006339864538e-01
2.100000000000000000e+02 9.985412499185135626e-01
2.110000000000000000e+02 9.985406823655986752e-01
2.120000000000000000e+02 9.985400981541344700e-01
2.130000000000000000e+02 9.985394974681992553e-01
2.140000000000000000e+02 9.985388804969974608e-01
2.150000000000000000e+02 9.985382474347868076e-01
2.160000000000000000e+02 9.985375984808212424e-01
2.170000000000000000e+02 9.985369338392741101e-01
2.180000000000000000e+02 9.985362537191749821e-01
2.190000000000000000e+02 9.985355583343303865e-01
2.200000000000000000e+02 9.985348479032585267e-01
2.210000000000000000e+02 9.985341226491073474e-01
2.220000000000000000e+02 9.985333827995834799e-01
2.230000000000000000e+02 9.985326285868731944e-01
2.240000000000000000e+02 9.985318602475621308e-01
2.250000000000000000e+02 9.985310780225554739e-01
2.260000000000000000e+02 9.985302821569981280e-01
2.270000000000000000e+02 9.985294729001865655e-01
2.280000000000000000e+02 9.985286505054936645e-01
2.290000000000000000e+02 9.985278152302721200e-01
2.300000000000000000e+02 9.985269673357735076e-01
2.310000000000000000e+02 9.985261070870665723e-01
2.320000000000000000e+02 9.985252347529319783e-01
2.330000000000000000e+02 9.985243506057893681e-01
2.340000000000000000e+02 9.985234549215936672e-01
2.350000000000000000e+02 9.985225479797519288e-01
2.360000000000000000e+02 9.985216300630237463e-01
2.370000000000000000e+02 9.985207014574312145e-01
2.380000000000000000e+02 9.985197624521613413e-01
2.390000000000000000e+02 9.985188133394720111e-01
2.400000000000000000e+02 9.985178544145945079e-01
2.410000000000000000e+02 9.985168859756373694e-01
2.420000000000000000e+02 9.985159083234854682e-01
2.430000000000000000e+02 9.985149217617047546e-01
2.440000000000000000e+02 9.985139265964402266e-01
2.450000000000000000e+02 9.985129231363168989e-01
2.460000000000000000e+02 9.985119116923384386e-01
2.470000000000000000e+02 9.985108925777860245e-01
2.480000000000000000e+02 9.985098661081172056e-01
2.490000000000000000e+02 9.985088326008650927e-01
2.500000000000000000e+02 9.985077923755304452e-01
2.510000000000000000e+02 9.985067457534850810e-01
2.520000000000000000e+02 9.985056930578648515e-01
2.530000000000000000e+02 9.985046346134658357e-01
2.540000000000000000e+02 9.985035707466413113e-01
2.550000000000000000e+02 9.985025017851986151e-01
2.560000000000000000e+02 9.985014280582938939e-01
2.570000000000000000e+02 9.985003498963233026e-01
2.580000000000000000e+02 9.984992676308283022e-01
2.590000000000000000e+02 9.984981815943791972e-01
2.600000000000000000e+02 9.984970921204791017e-01
2.610000000000000000e+02 9.984959995434541380e-01
2.620000000000000000e+02 9.984949041983519624e-01
2.630000000000000000e+02 9.984938064208334074e-01
2.640000000000000000e+02 9.984927065470720065e-01
2.650000000000000000e+02 9.984916049136439709e-01
2.660000000000000000e+02 9.984905018574296021e-01
2.670000000000000000e+02 9.984893977155047118e-01
2.680000000000000000e+02 9.984882928250407019e-01
2.690000000000000000e+02 9.984871875231948746e-01
2.700000000000000000e+02 9.984864053218981406e-01
2.710000000000000000e+02 9.984864117680014584e-01
2.720000000000000000e+02 9.984864180750049334e-01
2.730000000000000000e+02 9.984864242352243791e-01
2.740000000000000000e+02 9.984864302411542436e-01
2.750000000000000000e+02 9.984864360854781573e-01
2.760000000000000000e+02 9.984864417610742615e-01
2.770000000000000000e+02 9.984864472610293085e-01
2.780000000000000000e+02 9.984864525786411038e-01
2.790000000000000000e+02 9.984864577074321623e-01
2.800000000000000000e+02 9.984864626411533717e-01
2.810000000000000000e+02 9.984864673737928742e-01
2.820000000000000000e+02 9.984864718995857258e-01
2.830000000000000000e+02 9.984864762130181148e-01
2.840000000000000000e+02 9.984864803088336904e-01
2.850000000000000000e+02 9.984864841820434433e-01
2.860000000000000000e+02 9.984864878279277045e-01
2.870000000000000000e+02 9.984864912420453598e-01
2.880000000000000000e+02 9.984864944202352932e-01
2.890000000000000000e+02 9.984864973586269343e-01
2.900000000000000000e+02 9.984865000536399249e-01
2.910000000000000000e+02 9.984865025019898921e-01
2.920000000000000000e+02 9.984865047006949990e-01
2.930000000000000000e+02 9.984865066470763884e-01
2.940000000000000000e+02 9.984865083387617357e-01
2.950000000000000000e+02 9.984865097736912443e-01
2.960000000000000000e+02 9.984865109501156466e-01
2.970000000000000000e+02 9.984865118666027550e-01
2.980000000000000000e+02 9.984865125220345750e-01
2.990000000000000000e+02 9.984865129156136332e-01
3.000000000000000000e+02 9.984865130468597583e-01
3.010000000000000000e+02 9.984865129156136332e-01
3.020000000000000000e+02 9.984865125220344639e-01
3.030000000000000000e+02 9.984865118666027550e-01
3.040000000000000000e+02 9.984865109501158686e-01
3.050000000000000000e+02 9.984865097736913553e-01
3.060000000000000000e+02 9.984865083387618467e-01
3.070000000000000000e+02 9.984865066470762773e-01
3.080000000000000000e+02 9.984865047006949990e-01
3.090000000000000000e+02 9.984865025019898921e-01
3.100000000000000000e+02 9.984865000536399249e-01
3.110000000000000000e+02 9.984864973586269343e-01
3.120000000000000000e+02 9.984864944202351822e-01
3.130000000000000000e+02 9.984864912420453598e-01
3.140000000000000000e+02 9.984864878279277045e-01
3.150000000000000000e+02 9.984864841820434433e-01
3.160000000000000000e+02 9.984864803088335794e-01
3.170000000000000000e+02 9.984864762130181148e-01
3.180000000000000000e+02 9.984864718995858368e-01
3.190000000000000000e+02 9.984864673737929852e-01
3.200000000000000000e+02 9.984864626411532607e-01
3.210000000000000000e+02 9.984864577074322733e-01
3.220000000000000000e+02 9.984864525786411038e-01
3.230000000000000000e+02 9.984864472610290864e-01
3.240000000000000000e+02 9.984864417610742615e-01
3.250000000000000000e+02 9.984864360854778242e-01
3.260000000000000000e+02 9.984864302411544656e-01
3.270000000000000000e+02 9.984864242352243791e-01
3.280000000000000000e+02 9.984864180750050444e-01
3.290000000000000000e+02 9.984864117680015694e-01
3.300000000000000000e+02 9.984864053218982516e-01
3.310000000000000000e+02 9.985124962677034421e-01
3.320000000000000000e+02 9.985389026047692962e-01
3.330000000000000000e+02 9.985652931142241506e-01
3.340000000000000000e+02 9.985916597566663055e-01
3.350000000000000000e+02 9.986179944997221059e-01
3.360000000000000000e+02 9.986442893204980908e-01
3.370000000000000000e+02 9.986705362080288140e-01
3.380000000000000000e+02 9.986967271657094525e-01
3.390000000000000000e+02 9.987228542137425169e-01
3.400000000000000000e+02 9.987489093915687954e-01
3.410000000000000000e+02 9.987748847602907487e-01
3.420000000000000000e+02 9.988007724050960157e-01
3.430000000000000000e+02 9.988265644376727037e-01
3.440000000000000000e+02 9.988522529986145759e-01
3.450000000000000000e+02 9.988778302598166903e-01
3.460000000000000000e+02 9.989032884268663759e-01
3.470000000000000000e+02 9.989286197414199986e-01
3.480000000000000000e+02 9.989538164835727319e-01
3.490000000000000000e+02 9.989788709742092321e-01
3.500000000000000000e+02 9.990037755773545358e-01
3.510000000000000000e+02 9.990285227025017534e-01
3.520000000000000000e+02 9.990531048069274389e-01
3.530000000000000000e+02 9.990775143979983008e-01
3.540000000000000000e+02 9.991017440354579282e-01
3.550000000000000000e+02 9.991257863336986400e-01
3.560000000000000000e+02 9.991496339640170143e-01
3.570000000000000000e+02 9.991732796568545405e-01
3.580000000000000000e+02 9.991967162040158446e-01
3.590000000000000000e+02 9.992199364608722600e-01
3.600000000000000000e+02 9.992429333485449705e-01
