0.000000000000000000e+00 9.992764227999578752e-01
1.000000000000000000e+00 9.992981823461194457e-01
2.000000000000000000e+00 9.993197150597771250e-01
3.000000000000000000e+00 9.993410143762674336e-01
4.000000000000000000e+00 9.993620738019219907e-01
5.000000000000000000e+00 9.993828869160619188e-01
6.000000000000000000e+00 9.994034473729490609e-01
7.000000000000000000e+00 9.994237489037377520e-01
8.000000000000000000e+00 9.994437853183812948e-01
9.000000000000000000e+00 9.994635505075324389e-01
1.000000000000000000e+01 9.994830384444088889e-01
1.100000000000000000e+01 9.995022431866340540e-01
1.200000000000000000e+01 9.995211588780598122e-01
1.300000000000000000e+01 9.995397797505537474e-01
1.400000000000000000e+01 9.995581001257656251e-01
1.500000000000000000e+01 9.995761144168656687e-01
1.600000000000000000e+01 9.995938171302496400e-01
1.700000000000000000e+01 9.996112028672261562e-01
1.800000000000000000e+01 9.996282663256625955e-01
1.900000000000000000e+01 9.996450023016121289e-01
2.000000000000000000e+01 9.996614056909072232e-01
2.100000000000000000e+01 9.996774714907171733e-01
2.200000000000000000e+01 9.996931948010812086e-01
2.300000000000000000e+01 9.997085708264138448e-01
2.400000000000000000e+01 9.997235948769657155e-01
2.500000000000000000e+01 9.997382623702649740e-01
2.600000000000000000e+01 9.997525688325153981e-01
2.700000000000000000e+01 9.997665098999715116e-01
2.800000000000000000e+01 9.997800813202740722e-01
2.900000000000000000e+01 9.997932789537461451e-01
3.000000000000000000e+01 9.998060987746697492e-01
3.100000000000000000e+01 9.998185368725166500e-01
3.200000000000000000e+01 9.998305894531378524e-01
3.300000000000000000e+01 9.998422528399413256e-01
3.400000000000000000e+01 9.998535234750032252e-01
3.500000000000000000e+01 9.998643979201671250e-01
3.600000000000000000e+01 9.998748728580945100e-01
3.700000000000000000e+01 9.998849450932820737e-01
3.800000000000000000e+01 9.998946115530382706e-01
3.900000000000000000e+01 9.999038692884288926e-01
4.000000000000000000e+01 9.999127154751780155e-01
4.100000000000000000e+01 9.999211474145333067e-01
4.200000000000000000e+01 9.999291625340951395e-01
4.300000000000000000e+01 9.999367583886047406e-01
4.400000000000000000e+01 9.999439326606895939e-01
4.500000000000000000e+01 9.999506831615798674e-01
4.600000000000000000e+01 9.999570078317755462e-01
4.700000000000000000e+01 9.999629047416780381e-01
4.800000000000000000e+01 9.999683720921810348e-01
4.900000000000000000e+01 9.999734082152257342e-01
5.000000000000000000e+01 9.999780115743071018e-01
5.100000000000000000e+01 9.999821807649498240e-01
5.200000000000000000e+01 9.999859145151336337e-01
5.300000000000000000e+01 9.999892116856871072e-01
5.400000000000000000e+01 9.999920712706358294e-01
5.500000000000000000e+01 9.999944923975112587e-01
5.600000000000000000e+01 9.999964743276171797e-01
5.700000000000000000e+01 9.999980164562560780e-01
5.800000000000000000e+01 9.999991183129161021e-01
5.900000000000000000e+01 9.999997795614142815e-01
6.000000000000000000e+01 1.000000000000000000e+00
6.100000000000000000e+01 9.999997795614147256e-01
6.200000000000000000e+01 9.999991183129161021e-01
6.300000000000000000e+01 9.999980164562557450e-01
6.400000000000000000e+01 9.999964743276168466e-01
6.500000000000000000e+01 9.999944923975117028e-01
6.600000000000000000e+01 9.999920712706360515e-01
6.700000000000000000e+01 9.999892116856867741e-01
6.800000000000000000e+01 9.999859145151333006e-01
6.900000000000000000e+01 9.999821807649500460e-01
7.000000000000000000e+01 9.999780115743078790e-01
7.100000000000000000e+01 9.999734082152258452e-01
7.200000000000000000e+01 9.999683720921805907e-01
7.300000000000000000e+01 9.999629047416774830e-01
7.400000000000000000e+01 9.999570078317753241e-01
7.500000000000000000e+01 9.999506831615802005e-01
7.600000000000000000e+01 9.999439326606897049e-01
7.700000000000000000e+01 9.999367583886041855e-01
7.800000000000000000e+01 9.999291625340958056e-01
7.900000000000000000e+01 9.999211474145336398e-01
8.000000000000000000e+01 9.999127154751774604e-01
8.100000000000000000e+01 9.999038692884291146e-01
8.200000000000000000e+01 9.998946115530378265e-01
8.300000000000000000e+01 9.998849450932824068e-01
8.400000000000000000e+01 9.998748728580949541e-01
8.500000000000000000e+01 9.998643979201675691e-01
8.600000000000000000e+01 9.998535234750026701e-01
8.700000000000000000e+01 9.998422528399409925e-01
8.800000000000000000e+01 9.998305894531380744e-01
8.900000000000000000e+01 9.998185368725158728e-01
9.000000000000000000e+01 9.998060987746703043e-01
9.100000000000000000e+01 9.997932789537468112e-01
9.200000000000000000e+01 9.997800813202738501e-01
9.300000000000000000e+01 9.997665098999716227e-01
9.400000000000000000e+01 9.997525688325148430e-01
9.500000000000000000e+01 9.997382623702648630e-01
9.600000000000000000e+01 9.997235948769658265e-01
9.700000000000000000e+01 9.997085708264139559e-01
9.800000000000000000e+01 9.996931948010815416e-01
9.900000000000000000e+01 9.996774714907166182e-01
1.000000000000000000e+02 9.996614056909073343e-01
1.010000000000000000e+02 9.996450023016130171e-01
1.020000000000000000e+02 9.996282663256627066e-01
1.030000000000000000e+02 9.996112028672256011e-01
1.040000000000000000e+02 9.995938171302491959e-01
1.050000000000000000e+02 9.995761144168652246e-01
1.060000000000000000e+02 9.995581001257655140e-01
1.070000000000000000e+02 9.995397797505536364e-01
1.080000000000000000e+02 9.995211588780594791e-01
1.090000000000000000e+02 9.995022431866337209e-01
1.100000000000000000e+02 9.994830384444083338e-01
1.110000000000000000e+02 9.994635505075326609e-01
1.120000000000000000e+02 9.994437853183815168e-01
1.130000000000000000e+02 9.994237489037379740e-01
1.140000000000000000e+02 9.994034473729488388e-01
1.150000000000000000e+02 9.993828869160620298e-01
1.160000000000000000e+02 9.993620738019222127e-01
1.170000000000000000e+02 9.993410143762671005e-01
1.180000000000000000e+02 9.993197150597770140e-01
1.190000000000000000e+02 9.992981823461194457e-01
1.200000000000000000e+02 9.992764227999585414e-01
1.210000000000000000e+02 9.992544430549524792e-01
1.220000000000000000e+02 9.992322498117225393e-01
1.230000000000000000e+02 9.992098498358109593e-01
1.240000000000000000e+02 9.991872499556071485e-01
1.250000000000000000e+02 9.991644570602663533e-01
1.260000000000000000e+02 9.991414780976010102e-01
1.270000000000000000e+02 9.991183200719652158e-01
1.280000000000000000e+02 9.990949900421051133e-01
1.290000000000000000e+02 9.990714951190124982e-01
1.300000000000000000e+02 9.990478424637482258e-01
1.310000000000000000e+02 9.990240392852582918e-01
1.320000000000000000e+02 9.990000928381709278e-01
1.330000000000000000e+02 9.989760104205820390e-01
1.340000000000000000e+02 9.989517993718306510e-01
1.350000000000000000e+02 9.989274670702529280e-01
1.360000000000000000e+02 9.989030209309368580e-01
1.370000000000000000e+02 9.988784684034553996e-01
1.380000000000000000e+02 9.988538169695962976e-01
1.390000000000000000e+02 9.988290741410779106e-01
1.400000000000000000e+02 9.988042474572552676e-01
1.410000000000000000e+02 9.987793444828284573e-01
1.420000000000000000e+02 9.987543728055265913e-01
1.430000000000000000e+02 9.987293400337995397e-01
1.440000000000000000e+02 9.987042537944957887e-01
1.450000000000000000e+02 9.986791217305405199e-01
1.460000000000000000e+02 9.986539514985993682e-01
1.470000000000000000e+02 9.986287507667509500e-01
1.480000000000000000e+02 9.986035272121489559e-01
1.490000000000000000e+02 9.986029098399202830e-01
1.500000000000000000e+02 9.986034281972817617e-01
1.510000000000000000e+02 9.986039311766734539e-01
1.520000000000000000e+02 9.986044186195033312e-01
1.530000000000000000e+02 9.986048903720274872e-01
1.540000000000000000e+02 9.986053462854050933e-01
1.550000000000000000e+02 9.986057862157480258e-01
1.560000000000000000e+02 9.986062100241717143e-01
1.570000000000000000e+02 9.986066175768454345e-01
1.580000000000000000e+02 9.986070087450324984e-01
1.590000000000000000e+02 9.986073834051415465e-01
1.600000000000000000e+02 9.986077414387695139e-01
1.610000000000000000e+02 9.986080827327368237e-01
1.620000000000000000e+02 9.986084071791331285e-01
1.630000000000000000e+02 9.986087146753510613e-01
1.640000000000000000e+02 9.986090051241254262e-01
1.650000000000000000e+02 9.986092784335645067e-01
1.660000000000000000e+02 9.986095345171833726e-01
1.670000000000000000e+02 9.986097732939335225e-01
1.680000000000000000e+02 9.986099946882321943e-01
1.690000000000000000e+02 9.986101986299887878e-01
1.700000000000000000e+02 9.986103850546284022e-01
1.710000000000000000e+02 9.986105539031139289e-01
1.720000000000000000e+02 9.986107051219690334e-01
1.730000000000000000e+02 9.986108386632983613e-01
1.740000000000000000e+02 9.986109544847985298e-01
1.750000000000000000e+02 9.986110525497772228e-01
1.760000000000000000e+02 9.986111328271645160e-01
1.770000000000000000e+02 9.986111952915276424e-01
1.780000000000000000e+02 9.986112399230723247e-01
1.790000000000000000e+02 9.986112667076582072e-01
1.800000000000000000e+02 9.986112756367959697e-01
1.810000000000000000e+02 9.986112667076580962e-01
1.820000000000000000e+02 9.986112399230724357e-01
1.830000000000000000e+02 9.986111952915277534e-01
1.840000000000000000e+02 9.986111328271654042e-01
1.850000000000000000e+02 9.986110525497771118e-01
1.860000000000000000e+02 9.986109544847988628e-01
1.870000000000000000e+02 9.986108386632983613e-01
1.880000000000000000e+02 9.986107051219690334e-01
1.890000000000000000e+02 9.986105539031134848e-01
1.900000000000000000e+02 9.986103850546276250e-01
1.910000000000000000e+02 9.986101986299888988e-01
1.920000000000000000e+02 9.986099946882319722e-01
1.930000000000000000e+02 9.986097732939338556e-01
1.940000000000000000e+02 9.986095345171839277e-01
1.950000000000000000e+02 9.986092784335648398e-01
1.960000000000000000e+02 9.986090051241253152e-01
1.970000000000000000e+02 9.986087146753513943e-01
1.980000000000000000e+02 9.986084071791333505e-01
1.990000000000000000e+02 9.986080827327371567e-01
2.000000000000000000e+02 9.986077414387696249e-01
2.010000000000000000e+02 9.986073834051417686e-01
2.020000000000000000e+02 9.986070087450327204e-01
2.030000000000000000e+02 9.986066175768456565e-01
2.040000000000000000e+02 9.986062100241718253e-01
2.050000000000000000e+02 9.986057862157478038e-01
2.060000000000000000e+02 9.986053462854048712e-01
2.070000000000000000e+02 9.986048903720269321e-01
2.080000000000000000e+02 9.986044186195034422e-01
2.090000000000000000e+02 9.986039311766736759e-01
2.100000000000000000e+02 9.986034281972813176e-01
2.110000000000000000e+02 9.986029098399192838e-01
2.120000000000000000e+02 9.986023762679723248e-01
2.130000000000000000e+02 9.986018276495643997e-01
2.140000000000000000e+02 9.986012641574972815e-01
2.150000000000000000e+02 9.986006859691920479e-01
2.160000000000000000e+02 9.986000932666313501e-01
2.170000000000000000e+02 9.985994862362916891e-01
2.180000000000000000e+02 9.985988650690812429e-01
2.190000000000000000e+02 9.985982299602760293e-01
2.200000000000000000e+02 9.985975811094512933e-01
2.210000000000000000e+02 9.985969187204147834e-01
2.220000000000000000e+02 9.985962430011335877e-01
2.230000000000000000e+02 9.985955541636682975e-01
2.240000000000000000e+02 9.985948524240970681e-01
2.250000000000000000e+02 9.985941380024455638e-01
2.260000000000000000e+02 9.985934111226065779e-01
2.270000000000000000e+02 9.985926720122694222e-01
2.280000000000000000e+02 9.985919209028434329e-01
2.290000000000000000e+02 9.985911580293747036e-01
2.300000000000000000e+02 9.985903836304717007e-01
2.310000000000000000e+02 9.985895979482207752e-01
2.320000000000000000e+02 9.985888012281111115e-01
2.330000000000000000e+02 9.985879937189444666e-01
2.340000000000000000e+02 9.985871756727596749e-01
2.350000000000000000e+02 9.985863473447409433e-01
2.360000000000000000e+02 9.985855089931422457e-01
2.370000000000000000e+02 9.985846608791898449e-01
2.380000000000000000e+02 9.985838032670055764e-01
2.390000000000000000e+02 9.985829364235144778e-01
2.400000000000000000e+02 9.985820606183577475e-01
2.410000000000000000e+02 9.985811761238003736e-01
2.420000000000000000e+02 9.985802832146513097e-01
2.430000000000000000e+02 9.985793821681598903e-01
2.440000000000000000e+02 9.985784732639360062e-01
2.450000000000000000e+02 9.985775567838521827e-01
2.460000000000000000e+02 9.985766330119552059e-01
2.470000000000000000e+02 9.985757022343696443e-01
2.480000000000000000e+02 9.985747647392122506e-01
2.490000000000000000e+02 9.985738208164877117e-01
2.500000000000000000e+02 9.985728707580064922e-01
2.510000000000000000e+02 9.985719148572811399e-01
2.520000000000000000e+02 9.985709534094391326e-01
2.530000000000000000e+02 9.985699867111227368e-01
2.540000000000000000e+02 9.985690150603986348e-01
2.550000000000000000e+02 9.985680387566584493e-01
2.560000000000000000e+02 9.985670581005254842e-01
2.570000000000000000e+02 9.985660733937600231e-01
2.580000000000000000e+02 9.985650849391638495e-01
2.590000000000000000e+02 9.985640930404799942e-01
2.600000000000000000e+02 9.985630980023040282e-01
2.610000000000000000e+02 9.985621001299823662e-01
2.620000000000000000e+02 9.985610997295207847e-01
2.630000000000000000e+02 9.985600971074850563e-01
2.640000000000000000e+02 9.985590925709082466e-01
2.650000000000000000e+02 9.985580864271934587e-01
2.660000000000000000e+02 9.985570789840201300e-01
2.670000000000000000e+02 9.985560705492456668e-01
2.680000000000000000e+02 9.985550614308151829e-01
2.690000000000000000e+02 9.985540519366615797e-01
2.700000000000000000e+02 9.985533375366639763e-01
2.710000000000000000e+02 9.985533434240181361e-01
2.720000000000000000e+02 9.985533491843298082e-01
2.730000000000000000e+02 9.985533548105806068e-01
2.740000000000000000e+02 9.985533602959159039e-01
2.750000000000000000e+02 9.985533656336526009e-01
2.760000000000000000e+02 9.985533708172877887e-01
2.770000000000000000e+02 9.985533758405060745e-01
2.780000000000000000e+02 9.985533806971872428e-01
2.790000000000000000e+02 9.985533853814139160e-01
2.800000000000000000e+02 9.985533898874789926e-01
2.810000000000000000e+02 9.985533942098931970e-01
2.820000000000000000e+02 9.985533983433900751e-01
2.830000000000000000e+02 9.985534022829329892e-01
2.840000000000000000e+02 9.985534060237231113e-01
2.850000000000000000e+02 9.985534095612025318e-01
2.860000000000000000e+02 9.985534128910611429e-01
2.870000000000000000e+02 9.985534160092423006e-01
2.880000000000000000e+02 9.985534189119468218e-01
2.890000000000000000e+02 9.985534215956378690e-01
2.900000000000000000e+02 9.985534240570471676e-01
2.910000000000000000e+02 9.985534262931742289e-01
2.920000000000000000e+02 9.985534283012951207e-01
2.930000000000000000e+02 9.985534300789635775e-01
2.940000000000000000e+02 9.985534316240138875e-01
2.950000000000000000e+02 9.985534329345633342e-01
2.960000000000000000e+02 9.985534340090151950e-01
2.970000000000000000e+02 9.985534348460609610e-01
2.980000000000000000e+02 9.985534354446797822e-01
2.990000000000000000e+02 9.985534358041434633e-01
3.000000000000000000e+02 9.985534359240133551e-01
3.010000000000000000e+02 9.985534358041433523e-01
3.020000000000000000e+02 9.985534354446798933e-01
3.030000000000000000e+02 9.985534348460611831e-01
3.040000000000000000e+02 9.985534340090153060e-01
3.050000000000000000e+02 9.985534329345633342e-01
3.060000000000000000e+02 9.985534316240137764e-01
3.070000000000000000e+02 9.985534300789634665e-01
3.080000000000000000e+02 9.985534283012951207e-01
3.090000000000000000e+02 9.985534262931742289e-01
3.100000000000000000e+02 9.985534240570472786e-01
3.110000000000000000e+02 9.985534215956378690e-01
3.120000000000000000e+02 9.985534189119468218e-01
3.130000000000000000e+02 9.985534160092421896e-01
3.140000000000000000e+02 9.985534128910611429e-01
3.150000000000000000e+02 9.985534095612026428e-01
3.160000000000000000e+02 9.985534060237230003e-01
3.170000000000000000e+02 9.985534022829328782e-01
3.180000000000000000e+02 9.985533983433898531e-01
3.190000000000000000e+02 9.985533942098933080e-01
3.200000000000000000e+02 9.985533898874788816e-01
3.210000000000000000e+02 9.985533853814138050e-01
3.220000000000000000e+02 9.985533806971870208e-01
3.230000000000000000e+02 9.985533758405060745e-01
3.240000000000000000e+02 9.985533708172878997e-01
3.250000000000000000e+02 9.985533656336527120e-01
3.260000000000000000e+02 9.985533602959159039e-01
3.270000000000000000e+02 9.985533548105807178e-01
3.280000000000000000e+02 9.985533491843295861e-01
3.290000000000000000e+02 9.985533434240183581e-01
3.300000000000000000e+02 9.985533375366637543e-01
3.310000000000000000e+02 9.985782885186766933e-01
3.320000000000000000e+02 9.986035272121490669e-01
3.330000000000000000e+02 9.986287507667508390e-01
3.340000000000000000e+02 9.986539514985993682e-01
3.350000000000000000e+02 9.986791217305398538e-01
3.360000000000000000e+02 9.987042537944957887e-01
3.370000000000000000e+02 9.987293400337989846e-01
3.380000000000000000e+02 9.987543728055263692e-01
3.390000000000000000e+02 9.987793444828283462e-01
3.400000000000000000e+02 9.988042474572552676e-01
3.410000000000000000e+02 9.988290741410779106e-01
3.420000000000000000e+02 9.988538169695965196e-01
3.430000000000000000e+02 9.988784684034557326e-01
3.440000000000000000e+02 9.989030209309371910e-01
3.450000000000000000e+02 9.989274670702525949e-01
3.460000000000000000e+02 9.989517993718305400e-01
3.470000000000000000e+02 9.989760104205822611e-01
3.480000000000000000e+02 9.990000928381710388e-01
3.490000000000000000e+02 9.990240392852586249e-01
3.500000000000000000e+02 9.990478424637486699e-01
3.510000000000000000e+02 9.990714951190124982e-01
3.520000000000000000e+02 9.990949900421050023e-01
3.530000000000000000e+02 9.991183200719649937e-01
3.540000000000000000e+02 9.991414780976014542e-01
3.550000000000000000e+02 9.991644570602662423e-01
3.560000000000000000e+02 9.991872499556074816e-01
3.570000000000000000e+02 9.992098498358106262e-01
3.580000000000000000e+02 9.992322498117226504e-01
3.590000000000000000e+02 9.992544430549523682e-01
3.600000000000000000e+02 9.992764227999578752e-01
