0.000000000000000000e+00 5.183161061980984550e-15
1.000000000000000000e+00 5.237167334464803183e-15
2.000000000000000000e+00 5.290651860775048497e-15
3.000000000000000000e+00 5.343598365358518935e-15
4.000000000000000000e+00 5.395990873049742754e-15
5.000000000000000000e+00 5.447813599839070610e-15
6.000000000000000000e+00 5.499050488637103945e-15
7.000000000000000000e+00 5.549686629289400677e-15
8.000000000000000000e+00 5.599706155862387803e-15
9.000000000000000000e+00 5.649094158201623240e-15
1.000000000000000000e+01 5.697835179993161749e-15
1.100000000000000000e+01 5.745915184937765356e-15
1.200000000000000000e+01 5.793319344804919584e-15
1.300000000000000000e+01 5.840033159059807748e-15
1.400000000000000000e+01 5.886042400247367899e-15
1.500000000000000000e+01 5.931333441687991406e-15
1.600000000000000000e+01 5.975892247082440295e-15
1.700000000000000000e+01 6.019705872450485277e-15
1.800000000000000000e+01 6.062760445340740431e-15
1.900000000000000000e+01 6.105043294852728049e-15
2.000000000000000000e+01 6.146541313158366789e-15
2.100000000000000000e+01 6.187242047820978786e-15
2.200000000000000000e+01 6.227133701795292806e-15
2.300000000000000000e+01 6.266203467640954166e-15
2.400000000000000000e+01 6.304439903316366082e-15
2.500000000000000000e+01 6.341831239084232400e-15
2.600000000000000000e+01 6.378366278674732834e-15
2.700000000000000000e+01 6.414034016973875021e-15
2.800000000000000000e+01 6.448823940411218810e-15
2.900000000000000000e+01 6.482724880024919785e-15
3.000000000000000000e+01 6.515726786480116505e-15
3.100000000000000000e+01 6.547820238525375136e-15
3.200000000000000000e+01 6.578994749898232183e-15
3.300000000000000000e+01 6.609241363582830158e-15
3.400000000000000000e+01 6.638550849483563935e-15
3.500000000000000000e+01 6.666914305200527762e-15
3.600000000000000000e+01 6.694323237953444438e-15
3.700000000000000000e+01 6.720769182270011052e-15
3.800000000000000000e+01 6.746244191529454351e-15
3.900000000000000000e+01 6.770740619498726164e-15
4.000000000000000000e+01 6.794251038408581317e-15
4.100000000000000000e+01 6.816768703189153193e-15
4.200000000000000000e+01 6.838286158763219962e-15
4.300000000000000000e+01 6.858797151604468795e-15
4.400000000000000000e+01 6.878295755882287814e-15
4.500000000000000000e+01 6.896775690762387532e-15
4.600000000000000000e+01 6.914231521957710648e-15
4.700000000000000000e+01 6.930658142876900023e-15
4.800000000000000000e+01 6.946050228464797093e-15
4.900000000000000000e+01 6.960403409445375797e-15
5.000000000000000000e+01 6.973713425774509600e-15
5.100000000000000000e+01 6.985976017408071968e-15
5.200000000000000000e+01 6.997187634309290789e-15
5.300000000000000000e+01 7.007344398745693002e-15
5.400000000000000000e+01 7.016443934923438052e-15
5.500000000000000000e+01 7.024483375505133168e-15
5.600000000000000000e+01 7.031459853153386372e-15
5.700000000000000000e+01 7.037371401693984870e-15
5.800000000000000000e+01 7.042216464572343634e-15
5.900000000000000000e+01 7.045993594465780318e-15
6.000000000000000000e+01 7.048701289435659261e-15
6.100000000000000000e+01 7.050339194478303647e-15
6.200000000000000000e+01 7.050906463046483659e-15
6.300000000000000000e+01 7.050402740136521690e-15
6.400000000000000000e+01 7.048828817679697401e-15
6.500000000000000000e+01 7.046184286056383816e-15
6.600000000000000000e+01 7.042470974900916754e-15
6.700000000000000000e+01 7.037689266524948113e-15
6.800000000000000000e+01 7.031840580943188315e-15
6.900000000000000000e+01 7.024927020869723968e-15
7.000000000000000000e+01 7.016950634402693105e-15
7.100000000000000000e+01 7.007913496948208834e-15
7.200000000000000000e+01 6.997818721615440423e-15
7.300000000000000000e+01 6.986669366897605406e-15
7.400000000000000000e+01 6.974468327440073209e-15
7.500000000000000000e+01 6.961219863286970366e-15
7.600000000000000000e+01 6.946927469859117253e-15
7.700000000000000000e+01 6.931595680280391984e-15
7.800000000000000000e+01 6.915229027674673461e-15
7.900000000000000000e+01 6.897832645941293116e-15
8.000000000000000000e+01 6.879411587055656354e-15
8.100000000000000000e+01 6.859971722232425685e-15
8.200000000000000000e+01 6.839518431142708253e-15
8.300000000000000000e+01 6.818058021928768620e-15
8.400000000000000000e+01 6.795597458124274827e-15
8.500000000000000000e+01 6.772142774791739070e-15
8.600000000000000000e+01 6.747701809320035075e-15
8.700000000000000000e+01 6.722281306779028670e-15
8.800000000000000000e+01 6.695889268405444844e-15
8.900000000000000000e+01 6.668533695436007797e-15
9.000000000000000000e+01 6.640222643723393465e-15
9.100000000000000000e+01 6.610964715279777787e-15
9.200000000000000000e+01 6.580768812505067305e-15
9.300000000000000000e+01 6.549644274726769827e-15
9.400000000000000000e+01 6.517600332040492054e-15
9.500000000000000000e+01 6.484646269157790848e-15
9.600000000000000000e+01 6.450792654265057306e-15
9.700000000000000000e+01 6.416049673237028266e-15
9.800000000000000000e+01 6.380427348100591665e-15
9.900000000000000000e+01 6.343936820509616054e-15
1.000000000000000000e+02 6.306588986346194267e-15
1.010000000000000000e+02 6.268395069188119301e-15
1.020000000000000000e+02 6.229366948004590784e-15
1.030000000000000000e+02 6.189516255993030263e-15
1.040000000000000000e+02 6.148854899430610869e-15
1.050000000000000000e+02 6.107395330754009677e-15
1.060000000000000000e+02 6.065150166247755026e-15
1.070000000000000000e+02 6.022131994888399389e-15
1.080000000000000000e+02 5.978353815272123791e-15
1.090000000000000000e+02 5.933829035614734652e-15
1.100000000000000000e+02 5.888571227979892025e-15
1.110000000000000000e+02 5.842594046355179619e-15
1.120000000000000000e+02 5.795911172036157804e-15
1.130000000000000000e+02 5.748536914401813765e-15
1.140000000000000000e+02 5.700485528215186109e-15
1.150000000000000000e+02 5.651771978246667863e-15
1.160000000000000000e+02 5.602410519259296055e-15
1.170000000000000000e+02 5.552416143331439583e-15
1.180000000000000000e+02 5.501804497932869240e-15
1.190000000000000000e+02 5.450590465910052029e-15
1.200000000000000000e+02 5.398789558192883347e-15
1.210000000000000000e+02 5.346417476867086514e-15
1.220000000000000000e+02 5.293490470177886429e-15
1.230000000000000000e+02 5.240024322134929282e-15
1.240000000000000000e+02 5.186035499447243761e-15
1.250000000000000000e+02 5.131539895356377160e-15
1.260000000000000000e+02 5.076554550038834039e-15
1.270000000000000000e+02 5.021095766355791035e-15
1.280000000000000000e+02 4.965180502559828257e-15
1.290000000000000000e+02 4.908825962675301529e-15
1.300000000000000000e+02 4.852048886490988752e-15
1.310000000000000000e+02 4.794866723803023828e-15
1.320000000000000000e+02 4.737296651327786711e-15
1.330000000000000000e+02 4.679356501173063198e-15
1.340000000000000000e+02 4.621063613903085296e-15
1.350000000000000000e+02 4.562435767009687855e-15
1.360000000000000000e+02 4.503490656060780489e-15
1.370000000000000000e+02 4.444246795863527547e-15
1.380000000000000000e+02 4.384721171978483433e-15
1.390000000000000000e+02 4.324932544984589787e-15
1.400000000000000000e+02 4.264899320457109854e-15
1.410000000000000000e+02 4.204638975500151038e-15
1.420000000000000000e+02 4.144170434540506242e-15
1.430000000000000000e+02 4.083511911997613160e-15
1.440000000000000000e+02 4.022682031910535669e-15
1.450000000000000000e+02 3.961698981390737174e-15
1.460000000000000000e+02 3.900581466401208366e-15
1.470000000000000000e+02 3.839348247520889311e-15
1.480000000000000000e+02 3.778017894172895305e-15
1.490000000000000000e+02 3.716608866548439754e-15
1.500000000000000000e+02 3.655140143690265719e-15
1.510000000000000000e+02 3.593630158481611526e-15
1.520000000000000000e+02 3.532098053813070711e-15
1.530000000000000000e+02 3.470562371799783100e-15
1.540000000000000000e+02 3.409041490709036465e-15
1.550000000000000000e+02 3.347554799203201633e-15
1.560000000000000000e+02 3.286120593625640743e-15
1.570000000000000000e+02 3.224757989558972255e-15
1.580000000000000000e+02 3.163485092190732755e-15
1.590000000000000000e+02 3.102321208259367043e-15
1.600000000000000000e+02 3.041284661416213128e-15
1.610000000000000000e+02 2.980394239548186942e-15
1.620000000000000000e+02 2.919668430154477757e-15
1.630000000000000000e+02 2.859125666118324687e-15
1.640000000000000000e+02 2.798784489554866768e-15
1.650000000000000000e+02 2.738663524503169456e-15
1.660000000000000000e+02 2.678780958074695366e-15
1.670000000000000000e+02 2.619154868149005611e-15
1.680000000000000000e+02 2.559803987997066359e-15
1.690000000000000000e+02 2.500745740107034854e-15
1.700000000000000000e+02 2.441998775825951631e-15
1.710000000000000000e+02 2.383580818029700989e-15
1.720000000000000000e+02 2.325509562286192540e-15
1.730000000000000000e+02 2.267803086474988186e-15
1.740000000000000000e+02 2.210478731160319146e-15
1.750000000000000000e+02 2.153554109986170191e-15
1.760000000000000000e+02 2.097046536208797459e-15
1.770000000000000000e+02 2.040973541548260088e-15
1.780000000000000000e+02 1.985352111565112481e-15
1.790000000000000000e+02 1.930199341051810538e-15
1.800000000000000000e+02 1.875531887873206923e-15
1.810000000000000000e+02 1.821366928745682774e-15
1.820000000000000000e+02 1.767720466142687083e-15
1.830000000000000000e+02 1.714609021389196920e-15
1.840000000000000000e+02 1.662049334273990779e-15
1.850000000000000000e+02 1.610056997650890084e-15
1.860000000000000000e+02 1.558648041301318510e-15
1.870000000000000000e+02 1.507838358466824339e-15
1.880000000000000000e+02 1.457643186997551981e-15
1.890000000000000000e+02 1.408078502058974954e-15
1.900000000000000000e+02 1.359158667646031983e-15
1.910000000000000000e+02 1.310899249304569413e-15
1.920000000000000000e+02 1.263315047957128417e-15
1.930000000000000000e+02 1.216420318366747406e-15
1.940000000000000000e+02 1.170229424528364708e-15
1.950000000000000000e+02 1.124756730436919246e-15
1.960000000000000000e+02 1.080016108543796942e-15
1.970000000000000000e+02 1.036021540532284033e-15
1.980000000000000000e+02 9.927858611507096885e-16
1.990000000000000000e+02 9.503227790026085665e-16
2.000000000000000000e+02 9.086454019160620077e-16
2.010000000000000000e+02 8.677662369436970496e-16
2.020000000000000000e+02 8.276979549859918941e-16
2.030000000000000000e+02 7.884525169360706167e-16
2.040000000000000000e+02 7.500425390784610643e-16
2.050000000000000000e+02 7.124796819185602591e-16
2.060000000000000000e+02 6.757749232623861762e-16
2.070000000000000000e+02 6.399399509233108185e-16
2.080000000000000000e+02 6.049857427073521608e-16
2.090000000000000000e+02 5.709230033407763028e-16
2.100000000000000000e+02 5.377623556259238109e-16
2.110000000000000000e+02 5.055133573541038154e-16
2.120000000000000000e+02 4.741867405595575934e-16
2.130000000000000000e+02 4.437913803342150304e-16
2.140000000000000000e+02 4.143369710092609478e-16
2.150000000000000000e+02 3.858324422925755371e-16
2.160000000000000000e+02 3.582868058159644734e-16
2.170000000000000000e+02 3.317080901241273807e-16
2.180000000000000000e+02 3.061047060734161733e-16
2.190000000000000000e+02 2.814845729766298631e-16
2.200000000000000000e+02 2.578550639870639083e-16
2.210000000000000000e+02 2.352236614899146259e-16
2.220000000000000000e+02 2.135968101673217785e-16
2.230000000000000000e+02 1.929817193247299307e-16
2.240000000000000000e+02 1.733847517203533859e-16
2.250000000000000000e+02 1.548113689492258801e-16
2.260000000000000000e+02 1.372675787658845299e-16
2.270000000000000000e+02 1.207586516095369262e-16
2.280000000000000000e+02 1.052901036911671108e-16
2.290000000000000000e+02 9.086608582300074700e-17
2.300000000000000000e+02 7.749134959271721002e-17
2.310000000000000000e+02 6.516971811684009270e-17
2.320000000000000000e+02 5.390542413152054833e-17
2.330000000000000000e+02 4.370177190175400965e-17
2.340000000000000000e+02 3.456168338088352052e-17
2.350000000000000000e+02 2.648788936642594578e-17
2.360000000000000000e+02 1.948336642767468465e-17
2.370000000000000000e+02 1.354967111921435320e-17
2.380000000000000000e+02 8.688851539182600822e-18
2.390000000000000000e+02 4.902600782039890380e-18
2.400000000000000000e+02 2.191874626917127027e-18
2.410000000000000000e+02 5.576561609203843556e-19
2.420000000000000000e+02 0.000000000000000000e+00
2.430000000000000000e+02 5.198346153117103008e-19
2.440000000000000000e+02 2.116258843674947350e-18
2.450000000000000000e+02 4.789218069139373899e-18
2.460000000000000000e+02 8.537674588648579874e-18
2.470000000000000000e+02 1.336037223534480120e-17
2.480000000000000000e+02 1.925627330617162895e-17
2.490000000000000000e+02 2.622330239501624069e-17
2.500000000000000000e+02 3.425905640006378813e-17
2.510000000000000000e+02 4.336132337532560667e-17
2.520000000000000000e+02 5.352729059935931385e-17
2.530000000000000000e+02 6.475370842311984460e-17
2.540000000000000000e+02 7.703743642946278296e-17
2.550000000000000000e+02 9.037432380616248400e-17
2.560000000000000000e+02 1.047603289728939827e-16
2.570000000000000000e+02 1.201914649652826448e-16
2.580000000000000000e+02 1.366624340361457512e-16
2.590000000000000000e+02 1.541684299818535961e-16
2.600000000000000000e+02 1.727037181276207162e-16
2.610000000000000000e+02 1.922631918820906362e-16
2.620000000000000000e+02 2.128404065631234704e-16
2.630000000000000000e+02 2.344293544161821513e-16
2.640000000000000000e+02 2.570230992155737921e-16
2.650000000000000000e+02 2.806148412754813454e-16
2.660000000000000000e+02 3.051973439824851918e-16
2.670000000000000000e+02 3.307630976434138860e-16
2.680000000000000000e+02 3.573040464055926758e-16
2.690000000000000000e+02 3.848122163402722431e-16
2.700000000000000000e+02 4.132789508193241240e-16
2.710000000000000000e+02 4.426955932146199037e-16
2.720000000000000000e+02 4.730534868980310196e-16
2.730000000000000000e+02 5.043429648463477294e-16
2.740000000000000000e+02 5.365543327283852118e-16
2.750000000000000000e+02 5.696776777491572240e-16
2.760000000000000000e+02 6.037032782695036685e-16
2.770000000000000000e+02 6.386203203312577350e-16
2.780000000000000000e+02 6.744181811320787583e-16
2.790000000000000000e+02 7.110858009420234276e-16
2.800000000000000000e+02 7.486117377194960434e-16
2.810000000000000000e+02 7.869851228903795387e-16
2.820000000000000000e+02 8.261936132498975476e-16
2.830000000000000000e+02 8.662252205969511128e-16
2.840000000000000000e+02 9.070679840384161589e-16
2.850000000000000000e+02 9.487092053658395033e-16
2.860000000000000000e+02 9.911360771388666611e-16
2.870000000000000000e+02 1.034335600761317594e-15
2.880000000000000000e+02 1.078294668405111356e-15
2.890000000000000000e+02 1.122999680698613605e-15
2.900000000000000000e+02 1.168436765190439011e-15
2.910000000000000000e+02 1.214592240585027799e-15
2.920000000000000000e+02 1.261452152507068809e-15
2.930000000000000000e+02 1.309001836573896659e-15
2.940000000000000000e+02 1.357226546478919741e-15
2.950000000000000000e+02 1.406112027459100436e-15
2.960000000000000000e+02 1.455643041664294530e-15
2.970000000000000000e+02 1.505804242012456902e-15
2.980000000000000000e+02 1.556580636425220430e-15
2.990000000000000000e+02 1.607956604740788019e-15
3.000000000000000000e+02 1.659916199101661625e-15
3.010000000000000000e+02 1.712443580882243125e-15
3.020000000000000000e+02 1.765522638377183212e-15
3.030000000000000000e+02 1.819137560268859040e-15
3.040000000000000000e+02 1.873271552152541761e-15
3.050000000000000000e+02 1.927907765007552369e-15
3.060000000000000000e+02 1.983030278284367306e-15
3.070000000000000000e+02 2.038621778726730040e-15
3.080000000000000000e+02 2.094665280774085380e-15
3.090000000000000000e+02 2.151143525786126556e-15
3.100000000000000000e+02 2.208039801282050746e-15
3.110000000000000000e+02 2.265335892842419863e-15
3.120000000000000000e+02 2.323015087986431085e-15
3.130000000000000000e+02 2.381059254218571956e-15
3.140000000000000000e+02 2.439450805202834364e-15
3.150000000000000000e+02 2.498172072679283773e-15
3.160000000000000000e+02 2.557204705688607098e-15
3.170000000000000000e+02 2.616531063278844882e-15
3.180000000000000000e+02 2.676133012954485458e-15
3.190000000000000000e+02 2.735992531451917478e-15
3.200000000000000000e+02 2.796090694344348825e-15
3.210000000000000000e+02 2.856409887987795518e-15
3.220000000000000000e+02 2.916931297187366942e-15
3.230000000000000000e+02 2.977636543675774140e-15
3.240000000000000000e+02 3.038507221877753077e-15
3.250000000000000000e+02 3.099524543906388612e-15
3.260000000000000000e+02 3.160670104186415921e-15
3.270000000000000000e+02 3.221925305986745808e-15
3.280000000000000000e+02 3.283271334112486870e-15
3.290000000000000000e+02 3.344689482600648413e-15
3.300000000000000000e+02 3.406161263952041559e-15
3.310000000000000000e+02 3.467667726431898719e-15
3.320000000000000000e+02 3.529190136769254515e-15
3.330000000000000000e+02 3.590709652461242463e-15
3.340000000000000000e+02 3.652208059088425265e-15
3.350000000000000000e+02 3.713666322992109307e-15
3.360000000000000000e+02 3.775065492437528971e-15
3.370000000000000000e+02 3.836387161849419433e-15
3.380000000000000000e+02 3.897612570648840631e-15
3.390000000000000000e+02 3.958723067488751241e-15
3.400000000000000000e+02 4.019700192177937857e-15
3.410000000000000000e+02 4.080525593757087391e-15
3.420000000000000000e+02 4.141179992795730913e-15
3.430000000000000000e+02 4.201645693725958019e-15
3.440000000000000000e+02 4.261904099816679121e-15
3.450000000000000000e+02 4.321937105880357632e-15
3.460000000000000000e+02 4.381725951338053489e-15
3.470000000000000000e+02 4.441252694850079001e-15
3.480000000000000000e+02 4.500499340460799474e-15
3.490000000000000000e+02 4.559447946830528794e-15
3.500000000000000000e+02 4.618080518003629902e-15
3.510000000000000000e+02 4.676379030716492236e-15
3.520000000000000000e+02 4.734326308252735052e-15
3.530000000000000000e+02 4.791904300040770343e-15
3.540000000000000000e+02 4.849095610900417521e-15
3.550000000000000000e+02 4.905882818343517765e-15
3.560000000000000000e+02 4.962249100657367146e-15
3.570000000000000000e+02 5.018176816890007001e-15
3.580000000000000000e+02 5.073649254560634505e-15
3.590000000000000000e+02 5.128649482724643840e-15
3.600000000000000000e+02 5.183161061980984550e-15
