0.000000000000000000e+00 9.985531407619651079e-01
1.000000000000000000e+00 9.985531348746109481e-01
2.000000000000000000e+00 9.985531291142990540e-01
3.000000000000000000e+00 9.985531234880483664e-01
4.000000000000000000e+00 9.985531180027132914e-01
5.000000000000000000e+00 9.985531126649759281e-01
6.000000000000000000e+00 9.985531074813409624e-01
7.000000000000000000e+00 9.985531024581225656e-01
8.000000000000000000e+00 9.985530976014418414e-01
9.000000000000000000e+00 9.985530929172151682e-01
1.000000000000000000e+01 9.985530884111498695e-01
1.100000000000000000e+01 9.985530840887356652e-01
1.200000000000000000e+01 9.985530799552388981e-01
1.300000000000000000e+01 9.985530760156957619e-01
1.400000000000000000e+01 9.985530722749055288e-01
1.500000000000000000e+01 9.985530687374263303e-01
1.600000000000000000e+01 9.985530654075677193e-01
1.700000000000000000e+01 9.985530622893865615e-01
1.800000000000000000e+01 9.985530593866820404e-01
1.900000000000000000e+01 9.985530567029905491e-01
2.000000000000000000e+01 9.985530542415819166e-01
2.100000000000000000e+01 9.985530520054549664e-01
2.200000000000000000e+01 9.985530499973337415e-01
2.300000000000000000e+01 9.985530482196648405e-01
2.400000000000000000e+01 9.985530466746147527e-01
2.500000000000000000e+01 9.985530453640654169e-01
2.600000000000000000e+01 9.985530442896134451e-01
2.700000000000000000e+01 9.985530434525680121e-01
2.800000000000000000e+01 9.985530428539486358e-01
2.900000000000000000e+01 9.985530424944851768e-01
3.000000000000000000e+01 9.985530423746156181e-01
3.100000000000000000e+01 9.985530424944851768e-01
3.200000000000000000e+01 9.985530428539486358e-01
3.300000000000000000e+01 9.985530434525681232e-01
3.400000000000000000e+01 9.985530442896135561e-01
3.500000000000000000e+01 9.985530453640653059e-01
3.600000000000000000e+01 9.985530466746147527e-01
3.700000000000000000e+01 9.985530482196649515e-01
3.800000000000000000e+01 9.985530499973339635e-01
3.900000000000000000e+01 9.985530520054550774e-01
4.000000000000000000e+01 9.985530542415819166e-01
4.100000000000000000e+01 9.985530567029906601e-01
4.200000000000000000e+01 9.985530593866819293e-01
4.300000000000000000e+01 9.985530622893866726e-01
4.400000000000000000e+01 9.985530654075676082e-01
4.500000000000000000e+01 9.985530687374264414e-01
4.600000000000000000e+01 9.985530722749056398e-01
4.700000000000000000e+01 9.985530760156957619e-01
4.800000000000000000e+01 9.985530799552387871e-01
4.900000000000000000e+01 9.985530840887355541e-01
5.000000000000000000e+01 9.985530884111497585e-01
5.100000000000000000e+01 9.985530929172151682e-01
5.200000000000000000e+01 9.985530976014418414e-01
5.300000000000000000e+01 9.985531024581226767e-01
5.400000000000000000e+01 9.985531074813410735e-01
5.500000000000000000e+01 9.985531126649758171e-01
5.600000000000000000e+01 9.985531180027135134e-01
5.700000000000000000e+01 9.985531234880483664e-01
5.800000000000000000e+01 9.985531291142989430e-01
5.900000000000000000e+01 9.985531348746110591e-01
6.000000000000000000e+01 9.985531407619652189e-01
6.100000000000000000e+01 9.985531467691889373e-01
6.200000000000000000e+01 9.985531528889640684e-01
6.300000000000000000e+01 9.985531591138337992e-01
6.400000000000000000e+01 9.985531654362148624e-01
6.500000000000000000e+01 9.985531718484033092e-01
6.600000000000000000e+01 9.985531783425884989e-01
6.700000000000000000e+01 9.985531849108569835e-01
6.800000000000000000e+01 9.985531915452061646e-01
6.900000000000000000e+01 9.985531982375539517e-01
7.000000000000000000e+01 9.985532049797467558e-01
7.100000000000000000e+01 9.985532117635690375e-01
7.200000000000000000e+01 9.985532185807576289e-01
7.300000000000000000e+01 9.985532254230053972e-01
7.400000000000000000e+01 9.985532322819767881e-01
7.500000000000000000e+01 9.985532391493144866e-01
7.600000000000000000e+01 9.985532460166525182e-01
7.700000000000000000e+01 9.985532528756236870e-01
7.800000000000000000e+01 9.985532597178713443e-01
7.900000000000000000e+01 9.985532665350593806e-01
8.000000000000000000e+01 9.985532733188821064e-01
8.100000000000000000e+01 9.985532800610745774e-01
8.200000000000000000e+01 9.985532867534223644e-01
8.300000000000000000e+01 9.985532933877722117e-01
8.400000000000000000e+01 9.985532999560404743e-01
8.500000000000000000e+01 9.985533064502247758e-01
8.600000000000000000e+01 9.985533128624139998e-01
8.700000000000000000e+01 9.985533191847950629e-01
8.800000000000000000e+01 9.985533254096649047e-01
8.900000000000000000e+01 9.985533315294397028e-01
9.000000000000000000e+01 9.985533375366638653e-01
9.100000000000000000e+01 9.985540519366622458e-01
9.200000000000000000e+01 9.985550614308150719e-01
9.300000000000000000e+01 9.985560705492452227e-01
9.400000000000000000e+01 9.985570789840199080e-01
9.500000000000000000e+01 9.985580864271939028e-01
9.600000000000000000e+01 9.985590925709085797e-01
9.700000000000000000e+01 9.985600971074850563e-01
9.800000000000000000e+01 9.985610997295205626e-01
9.900000000000000000e+01 9.985621001299822552e-01
1.000000000000000000e+02 9.985630980023039172e-01
1.010000000000000000e+02 9.985640930404801052e-01
1.020000000000000000e+02 9.985650849391640715e-01
1.030000000000000000e+02 9.985660733937599121e-01
1.040000000000000000e+02 9.985670581005250401e-01
1.050000000000000000e+02 9.985680387566584493e-01
1.060000000000000000e+02 9.985690150603990789e-01
1.070000000000000000e+02 9.985699867111232919e-01
1.080000000000000000e+02 9.985709534094394657e-01
1.090000000000000000e+02 9.985719148572812509e-01
1.100000000000000000e+02 9.985728707580062702e-01
1.110000000000000000e+02 9.985738208164883778e-01
1.120000000000000000e+02 9.985747647392119175e-01
1.130000000000000000e+02 9.985757022343701994e-01
1.140000000000000000e+02 9.985766330119550949e-01
1.150000000000000000e+02 9.985775567838521827e-01
1.160000000000000000e+02 9.985784732639355621e-01
1.170000000000000000e+02 9.985793821681597793e-01
1.180000000000000000e+02 9.985802832146506436e-01
1.190000000000000000e+02 9.985811761238005957e-01
1.200000000000000000e+02 9.985820606183570813e-01
1.210000000000000000e+02 9.985829364235149219e-01
1.220000000000000000e+02 9.985838032670057984e-01
1.230000000000000000e+02 9.985846608791896228e-01
1.240000000000000000e+02 9.985855089931422457e-01
1.250000000000000000e+02 9.985863473447413874e-01
1.260000000000000000e+02 9.985871756727593418e-01
1.270000000000000000e+02 9.985879937189449107e-01
1.280000000000000000e+02 9.985888012281110004e-01
1.290000000000000000e+02 9.985895979482208862e-01
1.300000000000000000e+02 9.985903836304717007e-01
1.310000000000000000e+02 9.985911580293747036e-01
1.320000000000000000e+02 9.985919209028439880e-01
1.330000000000000000e+02 9.985926720122698663e-01
1.340000000000000000e+02 9.985934111226071330e-01
1.350000000000000000e+02 9.985941380024455638e-01
1.360000000000000000e+02 9.985948524240970681e-01
1.370000000000000000e+02 9.985955541636679644e-01
1.380000000000000000e+02 9.985962430011326996e-01
1.390000000000000000e+02 9.985969187204145614e-01
1.400000000000000000e+02 9.985975811094512933e-01
1.410000000000000000e+02 9.985982299602761403e-01
1.420000000000000000e+02 9.985988650690814650e-01
1.430000000000000000e+02 9.985994862362916891e-01
1.440000000000000000e+02 9.986000932666320162e-01
1.450000000000000000e+02 9.986006859691921589e-01
1.460000000000000000e+02 9.986012641574975035e-01
1.470000000000000000e+02 9.986018276495641777e-01
1.480000000000000000e+02 9.986023762679728799e-01
1.490000000000000000e+02 9.985782885186771374e-01
1.500000000000000000e+02 9.985533375366637543e-01
1.510000000000000000e+02 9.985533315294398138e-01
1.520000000000000000e+02 9.985533254096650158e-01
1.530000000000000000e+02 9.985533191847951739e-01
1.540000000000000000e+02 9.985533128624139998e-01
1.550000000000000000e+02 9.985533064502246647e-01
1.560000000000000000e+02 9.985532999560402523e-01
1.570000000000000000e+02 9.985532933877719897e-01
1.580000000000000000e+02 9.985532867534223644e-01
1.590000000000000000e+02 9.985532800610745774e-01
1.600000000000000000e+02 9.985532733188822174e-01
1.610000000000000000e+02 9.985532665350594916e-01
1.620000000000000000e+02 9.985532597178712333e-01
1.630000000000000000e+02 9.985532528756237980e-01
1.640000000000000000e+02 9.985532460166525182e-01
1.650000000000000000e+02 9.985532391493143756e-01
1.660000000000000000e+02 9.985532322819766771e-01
1.670000000000000000e+02 9.985532254230052862e-01
1.680000000000000000e+02 9.985532185807576289e-01
1.690000000000000000e+02 9.985532117635692595e-01
1.700000000000000000e+02 9.985532049797467558e-01
1.710000000000000000e+02 9.985531982375539517e-01
1.720000000000000000e+02 9.985531915452062757e-01
1.730000000000000000e+02 9.985531849108568725e-01
1.740000000000000000e+02 9.985531783425882768e-01
1.750000000000000000e+02 9.985531718484034203e-01
1.760000000000000000e+02 9.985531654362148624e-01
1.770000000000000000e+02 9.985531591138339103e-01
1.780000000000000000e+02 9.985531528889640684e-01
1.790000000000000000e+02 9.985531467691888263e-01
1.800000000000000000e+02 9.985531407619652189e-01
1.810000000000000000e+02 9.985531348746109481e-01
1.820000000000000000e+02 9.985531291142989430e-01
1.830000000000000000e+02 9.985531234880483664e-01
1.840000000000000000e+02 9.985531180027135134e-01
1.850000000000000000e+02 9.985531126649759281e-01
1.860000000000000000e+02 9.985531074813410735e-01
1.870000000000000000e+02 9.985531024581226767e-01
1.880000000000000000e+02 9.985530976014417304e-01
1.890000000000000000e+02 9.985530929172151682e-01
1.900000000000000000e+02 9.985530884111498695e-01
1.910000000000000000e+02 9.985530840887356652e-01
1.920000000000000000e+02 9.985530799552386760e-01
1.930000000000000000e+02 9.985530760156957619e-01
1.940000000000000000e+02 9.985530722749056398e-01
1.950000000000000000e+02 9.985530687374264414e-01
1.960000000000000000e+02 9.985530654075677193e-01
1.970000000000000000e+02 9.985530622893866726e-01
1.980000000000000000e+02 9.985530593866820404e-01
1.990000000000000000e+02 9.985530567029906601e-01
2.000000000000000000e+02 9.985530542415818056e-01
2.010000000000000000e+02 9.985530520054550774e-01
2.020000000000000000e+02 9.985530499973337415e-01
2.030000000000000000e+02 9.985530482196649515e-01
2.040000000000000000e+02 9.985530466746147527e-01
2.050000000000000000e+02 9.985530453640654169e-01
2.060000000000000000e+02 9.985530442896135561e-01
2.070000000000000000e+02 9.985530434525680121e-01
2.080000000000000000e+02 9.985530428539486358e-01
2.090000000000000000e+02 9.985530424944850658e-01
2.100000000000000000e+02 9.985530423746156181e-01
2.110000000000000000e+02 9.985530424944850658e-01
2.120000000000000000e+02 9.985530428539486358e-01
2.130000000000000000e+02 9.985530434525681232e-01
2.140000000000000000e+02 9.985530442896134451e-01
2.150000000000000000e+02 9.985530453640653059e-01
2.160000000000000000e+02 9.985530466746146416e-01
2.170000000000000000e+02 9.985530482196648405e-01
2.180000000000000000e+02 9.985530499973338525e-01
2.190000000000000000e+02 9.985530520054549664e-01
2.200000000000000000e+02 9.985530542415818056e-01
2.210000000000000000e+02 9.985530567029904381e-01
2.220000000000000000e+02 9.985530593866821514e-01
2.230000000000000000e+02 9.985530622893866726e-01
2.240000000000000000e+02 9.985530654075677193e-01
2.250000000000000000e+02 9.985530687374263303e-01
2.260000000000000000e+02 9.985530722749055288e-01
2.270000000000000000e+02 9.985530760156956509e-01
2.280000000000000000e+02 9.985530799552387871e-01
2.290000000000000000e+02 9.985530840887356652e-01
2.300000000000000000e+02 9.985530884111498695e-01
2.310000000000000000e+02 9.985530929172151682e-01
2.320000000000000000e+02 9.985530976014418414e-01
2.330000000000000000e+02 9.985531024581226767e-01
2.340000000000000000e+02 9.985531074813410735e-01
2.350000000000000000e+02 9.985531126649758171e-01
2.360000000000000000e+02 9.985531180027134024e-01
2.370000000000000000e+02 9.985531234880484774e-01
2.380000000000000000e+02 9.985531291142990540e-01
2.390000000000000000e+02 9.985531348746110591e-01
2.400000000000000000e+02 9.985531407619653299e-01
2.410000000000000000e+02 9.985531467691889373e-01
2.420000000000000000e+02 9.985531528889642905e-01
2.430000000000000000e+02 9.985531591138339103e-01
2.440000000000000000e+02 9.985531654362149734e-01
2.450000000000000000e+02 9.985531718484034203e-01
2.460000000000000000e+02 9.985531783425882768e-01
2.470000000000000000e+02 9.985531849108569835e-01
2.480000000000000000e+02 9.985531915452063867e-01
2.490000000000000000e+02 9.985531982375539517e-01
2.500000000000000000e+02 9.985532049797468668e-01
2.510000000000000000e+02 9.985532117635691485e-01
2.520000000000000000e+02 9.985532185807576289e-01
2.530000000000000000e+02 9.985532254230052862e-01
2.540000000000000000e+02 9.985532322819767881e-01
2.550000000000000000e+02 9.985532391493142645e-01
2.560000000000000000e+02 9.985532460166524071e-01
2.570000000000000000e+02 9.985532528756235759e-01
2.580000000000000000e+02 9.985532597178710112e-01
2.590000000000000000e+02 9.985532665350594916e-01
2.600000000000000000e+02 9.985532733188822174e-01
2.610000000000000000e+02 9.985532800610744664e-01
2.620000000000000000e+02 9.985532867534224755e-01
2.630000000000000000e+02 9.985532933877718786e-01
2.640000000000000000e+02 9.985532999560405854e-01
2.650000000000000000e+02 9.985533064502246647e-01
2.660000000000000000e+02 9.985533128624139998e-01
2.670000000000000000e+02 9.985533191847948409e-01
2.680000000000000000e+02 9.985533254096649047e-01
2.690000000000000000e+02 9.985533315294397028e-01
2.700000000000000000e+02 9.985530423746162842e-01
2.710000000000000000e+02 9.985520330523101062e-01
2.720000000000000000e+02 9.985510242770835321e-01
2.730000000000000000e+02 9.985500163558902464e-01
2.740000000000000000e+02 9.985490095952070932e-01
2.750000000000000000e+02 9.985480043009380413e-01
2.760000000000000000e+02 9.985470007783220359e-01
2.770000000000000000e+02 9.985459993318457350e-01
2.780000000000000000e+02 9.985450002651475865e-01
2.790000000000000000e+02 9.985440038809282326e-01
2.800000000000000000e+02 9.985430104808608043e-01
2.810000000000000000e+02 9.985420203655022142e-01
2.820000000000000000e+02 9.985410338342017855e-01
2.830000000000000000e+02 9.985400511850137661e-01
2.840000000000000000e+02 9.985390727146100653e-01
2.850000000000000000e+02 9.985380987181949886e-01
2.860000000000000000e+02 9.985371294894139771e-01
2.870000000000000000e+02 9.985361653202693422e-01
2.880000000000000000e+02 9.985352065010401068e-01
2.890000000000000000e+02 9.985342533201909676e-01
2.900000000000000000e+02 9.985333060642948011e-01
2.910000000000000000e+02 9.985323650179436239e-01
2.920000000000000000e+02 9.985314304636724314e-01
2.930000000000000000e+02 9.985305026818760421e-01
2.940000000000000000e+02 9.985295819507280513e-01
2.950000000000000000e+02 9.985286685461002287e-01
2.960000000000000000e+02 9.985277627414911317e-01
2.970000000000000000e+02 9.985268648079378417e-01
2.980000000000000000e+02 9.985259750139481305e-01
2.990000000000000000e+02 9.985250936254218557e-01
3.000000000000000000e+02 9.985242209055744667e-01
3.010000000000000000e+02 9.985233571148647291e-01
3.020000000000000000e+02 9.985225025109234487e-01
3.030000000000000000e+02 9.985216573484786418e-01
3.040000000000000000e+02 9.985208218792887003e-01
3.050000000000000000e+02 9.985199963520661193e-01
3.060000000000000000e+02 9.985191810124183220e-01
3.070000000000000000e+02 9.985183761027698335e-01
3.080000000000000000e+02 9.985175818623022170e-01
3.090000000000000000e+02 9.985167985268884605e-01
3.100000000000000000e+02 9.985160263290226990e-01
3.110000000000000000e+02 9.985152654977645925e-01
3.120000000000000000e+02 9.985145162586722689e-01
3.130000000000000000e+02 9.985137788337413722e-01
3.140000000000000000e+02 9.985130534413477754e-01
3.150000000000000000e+02 9.985123402961845196e-01
3.160000000000000000e+02 9.985116396092076352e-01
3.170000000000000000e+02 9.985109515875802977e-01
3.180000000000000000e+02 9.985102764346104331e-01
3.190000000000000000e+02 9.985096143497057541e-01
3.200000000000000000e+02 9.985089655283136967e-01
3.210000000000000000e+02 9.985083301618737917e-01
3.220000000000000000e+02 9.985077084377648182e-01
3.230000000000000000e+02 9.985071005392529564e-01
3.240000000000000000e+02 9.985065066454497096e-01
3.250000000000000000e+02 9.985059269312585029e-01
3.260000000000000000e+02 9.985053615673316063e-01
3.270000000000000000e+02 9.985048107200259482e-01
3.280000000000000000e+02 9.985042745513577067e-01
3.290000000000000000e+02 9.985277964702935494e-01
3.300000000000000000e+02 9.985530423746157291e-01
3.310000000000000000e+02 9.985533315294397028e-01
3.320000000000000000e+02 9.985533254096650158e-01
3.330000000000000000e+02 9.985533191847950629e-01
3.340000000000000000e+02 9.985533128624138888e-01
3.350000000000000000e+02 9.985533064502246647e-01
3.360000000000000000e+02 9.985532999560405854e-01
3.370000000000000000e+02 9.985532933877719897e-01
3.380000000000000000e+02 9.985532867534223644e-01
3.390000000000000000e+02 9.985532800610745774e-01
3.400000000000000000e+02 9.985532733188821064e-01
3.410000000000000000e+02 9.985532665350593806e-01
3.420000000000000000e+02 9.985532597178713443e-01
3.430000000000000000e+02 9.985532528756236870e-01
3.440000000000000000e+02 9.985532460166525182e-01
3.450000000000000000e+02 9.985532391493142645e-01
3.460000000000000000e+02 9.985532322819767881e-01
3.470000000000000000e+02 9.985532254230055083e-01
3.480000000000000000e+02 9.985532185807577399e-01
3.490000000000000000e+02 9.985532117635691485e-01
3.500000000000000000e+02 9.985532049797468668e-01
3.510000000000000000e+02 9.985531982375538407e-01
3.520000000000000000e+02 9.985531915452062757e-01
3.530000000000000000e+02 9.985531849108567615e-01
3.540000000000000000e+02 9.985531783425881658e-01
3.550000000000000000e+02 9.985531718484034203e-01
3.560000000000000000e+02 9.985531654362148624e-01
3.570000000000000000e+02 9.985531591138339103e-01
3.580000000000000000e+02 9.985531528889641795e-01
3.590000000000000000e+02 9.985531467691889373e-01
3.600000000000000000e+02 9.985531407619651079e-01
