0.000000000000000000e+00 9.984955962112309624e-01
1.000000000000000000e+00 9.984956049006297185e-01
2.000000000000000000e+00 9.984956309662875729e-01
3.000000000000000000e+00 9.984956744005948348e-01
4.000000000000000000e+00 9.984957351908668732e-01
5.000000000000000000e+00 9.984958133193511109e-01
6.000000000000000000e+00 9.984959087632305774e-01
7.000000000000000000e+00 9.984960214946299040e-01
8.000000000000000000e+00 9.984961514806214300e-01
9.000000000000000000e+00 9.984962986832355281e-01
1.000000000000000000e+01 9.984964630594671542e-01
1.100000000000000000e+01 9.984966445612885044e-01
1.200000000000000000e+01 9.984968431356615604e-01
1.300000000000000000e+01 9.984970587245517448e-01
1.400000000000000000e+01 9.984972912649393573e-01
1.500000000000000000e+01 9.984975406888411120e-01
1.600000000000000000e+01 9.984978069233209075e-01
1.700000000000000000e+01 9.984980898905162494e-01
1.800000000000000000e+01 9.984983895076480209e-01
1.900000000000000000e+01 9.984987056870502364e-01
2.000000000000000000e+01 9.984990383361893596e-01
2.100000000000000000e+01 9.984993873576861745e-01
2.200000000000000000e+01 9.984997526493425424e-01
2.300000000000000000e+01 9.985001341041679357e-01
2.400000000000000000e+01 9.985005316104047512e-01
2.500000000000000000e+01 9.985009450515583973e-01
2.600000000000000000e+01 9.985013743064274916e-01
2.700000000000000000e+01 9.985018192491342814e-01
2.800000000000000000e+01 9.985022797491570623e-01
2.900000000000000000e+01 9.985027556713634844e-01
3.000000000000000000e+01 9.985032468760469682e-01
3.100000000000000000e+01 9.985037532189613430e-01
3.200000000000000000e+01 9.985042745513578177e-01
3.300000000000000000e+01 9.985048107200262812e-01
3.400000000000000000e+01 9.985053615673314953e-01
3.500000000000000000e+01 9.985059269312587249e-01
3.600000000000000000e+01 9.985065066454497096e-01
3.700000000000000000e+01 9.985071005392532895e-01
3.800000000000000000e+01 9.985077084377652623e-01
3.900000000000000000e+01 9.985083301618746798e-01
4.000000000000000000e+01 9.985089655283141408e-01
4.100000000000000000e+01 9.985096143497058652e-01
4.200000000000000000e+01 9.985102764346104331e-01
4.300000000000000000e+01 9.985109515875806308e-01
4.400000000000000000e+01 9.985116396092081903e-01
4.500000000000000000e+01 9.985123402961844086e-01
4.600000000000000000e+01 9.985130534413478864e-01
4.700000000000000000e+01 9.985137788337418163e-01
4.800000000000000000e+01 9.985145162586721579e-01
4.900000000000000000e+01 9.985152654977644815e-01
5.000000000000000000e+01 9.985160263290223659e-01
5.100000000000000000e+01 9.985167985268881274e-01
5.200000000000000000e+01 9.985175818623024391e-01
5.300000000000000000e+01 9.985183761027700555e-01
5.400000000000000000e+01 9.985191810124182110e-01
5.500000000000000000e+01 9.985199963520664523e-01
5.600000000000000000e+01 9.985208218792891444e-01
5.700000000000000000e+01 9.985216573484785307e-01
5.800000000000000000e+01 9.985225025109231156e-01
5.900000000000000000e+01 9.985233571148646181e-01
6.000000000000000000e+01 9.985242209055745777e-01
6.100000000000000000e+01 9.985250936254224108e-01
6.200000000000000000e+01 9.985259750139485746e-01
6.300000000000000000e+01 9.985268648079377307e-01
6.400000000000000000e+01 9.985277627414907986e-01
6.500000000000000000e+01 9.985286685461008949e-01
6.600000000000000000e+01 9.985295819507278292e-01
6.700000000000000000e+01 9.985305026818765972e-01
6.800000000000000000e+01 9.985314304636719873e-01
6.900000000000000000e+01 9.985323650179436239e-01
7.000000000000000000e+01 9.985333060642946901e-01
7.100000000000000000e+01 9.985342533201907456e-01
7.200000000000000000e+01 9.985352065010397737e-01
7.300000000000000000e+01 9.985361653202687870e-01
7.400000000000000000e+01 9.985371294894137550e-01
7.500000000000000000e+01 9.985380987181952106e-01
7.600000000000000000e+01 9.985390727146105094e-01
7.700000000000000000e+01 9.985400511850137661e-01
7.800000000000000000e+01 9.985410338342017855e-01
7.900000000000000000e+01 9.985420203655024363e-01
8.000000000000000000e+01 9.985430104808610263e-01
8.100000000000000000e+01 9.985440038809278995e-01
8.200000000000000000e+01 9.985450002651473644e-01
8.300000000000000000e+01 9.985459993318465122e-01
8.400000000000000000e+01 9.985470007783227020e-01
8.500000000000000000e+01 9.985480043009382634e-01
8.600000000000000000e+01 9.985490095952078704e-01
8.700000000000000000e+01 9.985500163558908016e-01
8.800000000000000000e+01 9.985510242770834211e-01
8.900000000000000000e+01 9.985520330523096622e-01
9.000000000000000000e+01 9.985530423746163953e-01
9.100000000000000000e+01 9.985533434240183581e-01
9.200000000000000000e+01 9.985533491843296972e-01
9.300000000000000000e+01 9.985533548105806068e-01
9.400000000000000000e+01 9.985533602959157928e-01
9.500000000000000000e+01 9.985533656336526009e-01
9.600000000000000000e+01 9.985533708172878997e-01
9.700000000000000000e+01 9.985533758405061855e-01
9.800000000000000000e+01 9.985533806971871318e-01
9.900000000000000000e+01 9.985533853814139160e-01
1.000000000000000000e+02 9.985533898874789926e-01
1.010000000000000000e+02 9.985533942098933080e-01
1.020000000000000000e+02 9.985533983433901861e-01
1.030000000000000000e+02 9.985534022829328782e-01
1.040000000000000000e+02 9.985534060237231113e-01
1.050000000000000000e+02 9.985534095612025318e-01
1.060000000000000000e+02 9.985534128910611429e-01
1.070000000000000000e+02 9.985534160092423006e-01
1.080000000000000000e+02 9.985534189119469328e-01
1.090000000000000000e+02 9.985534215956378690e-01
1.100000000000000000e+02 9.985534240570471676e-01
1.110000000000000000e+02 9.985534262931742289e-01
1.120000000000000000e+02 9.985534283012952317e-01
1.130000000000000000e+02 9.985534300789635775e-01
1.140000000000000000e+02 9.985534316240137764e-01
1.150000000000000000e+02 9.985534329345635562e-01
1.160000000000000000e+02 9.985534340090151950e-01
1.170000000000000000e+02 9.985534348460609610e-01
1.180000000000000000e+02 9.985534354446797822e-01
1.190000000000000000e+02 9.985534358041433523e-01
1.200000000000000000e+02 9.985534359240133551e-01
1.210000000000000000e+02 9.985534358041434633e-01
1.220000000000000000e+02 9.985534354446797822e-01
1.230000000000000000e+02 9.985534348460610721e-01
1.240000000000000000e+02 9.985534340090151950e-01
1.250000000000000000e+02 9.985534329345635562e-01
1.260000000000000000e+02 9.985534316240136654e-01
1.270000000000000000e+02 9.985534300789636886e-01
1.280000000000000000e+02 9.985534283012951207e-01
1.290000000000000000e+02 9.985534262931742289e-01
1.300000000000000000e+02 9.985534240570471676e-01
1.310000000000000000e+02 9.985534215956378690e-01
1.320000000000000000e+02 9.985534189119468218e-01
1.330000000000000000e+02 9.985534160092423006e-01
1.340000000000000000e+02 9.985534128910612539e-01
1.350000000000000000e+02 9.985534095612025318e-01
1.360000000000000000e+02 9.985534060237232223e-01
1.370000000000000000e+02 9.985534022829329892e-01
1.380000000000000000e+02 9.985533983433898531e-01
1.390000000000000000e+02 9.985533942098931970e-01
1.400000000000000000e+02 9.985533898874789926e-01
1.410000000000000000e+02 9.985533853814140270e-01
1.420000000000000000e+02 9.985533806971872428e-01
1.430000000000000000e+02 9.985533758405061855e-01
1.440000000000000000e+02 9.985533708172878997e-01
1.450000000000000000e+02 9.985533656336526009e-01
1.460000000000000000e+02 9.985533602959159039e-01
1.470000000000000000e+02 9.985533548105804957e-01
1.480000000000000000e+02 9.985533491843299192e-01
1.490000000000000000e+02 9.985533434240183581e-01
1.500000000000000000e+02 9.985530423746156181e-01
1.510000000000000000e+02 9.985277964702934383e-01
1.520000000000000000e+02 9.985025584957485378e-01
1.530000000000000000e+02 9.984773361383846302e-01
1.540000000000000000e+02 9.984521370806275220e-01
1.550000000000000000e+02 9.984269689975905360e-01
1.560000000000000000e+02 9.984018395547338276e-01
1.570000000000000000e+02 9.983767564055314736e-01
1.580000000000000000e+02 9.983517271891412248e-01
1.590000000000000000e+02 9.983267595280818085e-01
1.600000000000000000e+02 9.983018610259088987e-01
1.610000000000000000e+02 9.982770392649032987e-01
1.620000000000000000e+02 9.982523018037677831e-01
1.630000000000000000e+02 9.982276561753172794e-01
1.640000000000000000e+02 9.982031098841989136e-01
1.650000000000000000e+02 9.981786704045997327e-01
1.660000000000000000e+02 9.981543451779804066e-01
1.670000000000000000e+02 9.981301416108087077e-01
1.680000000000000000e+02 9.981060670723067574e-01
1.690000000000000000e+02 9.980821288922121504e-01
1.700000000000000000e+02 9.980583343585515133e-01
1.710000000000000000e+02 9.980346907154179492e-01
1.720000000000000000e+02 9.980112051607781254e-01
1.730000000000000000e+02 9.979878848442802486e-01
1.740000000000000000e+02 9.979647368650803596e-01
1.750000000000000000e+02 9.979417682696857250e-01
1.760000000000000000e+02 9.979189860498183240e-01
1.770000000000000000e+02 9.978963971402863287e-01
1.780000000000000000e+02 9.978740084168754576e-01
1.790000000000000000e+02 9.978518266942698611e-01
1.800000000000000000e+02 9.978298587239712303e-01
1.810000000000000000e+02 9.978081111922586510e-01
1.820000000000000000e+02 9.977865907181509009e-01
1.830000000000000000e+02 9.977653038514012751e-01
1.840000000000000000e+02 9.977442570705074010e-01
1.850000000000000000e+02 9.977234567807456989e-01
1.860000000000000000e+02 9.977029093122272707e-01
1.870000000000000000e+02 9.976826209179759930e-01
1.880000000000000000e+02 9.976625977720308125e-01
1.890000000000000000e+02 9.976428459675760196e-01
1.900000000000000000e+02 9.976233715150841785e-01
1.910000000000000000e+02 9.976041803405046871e-01
1.920000000000000000e+02 9.975852782834552235e-01
1.930000000000000000e+02 9.975666710954568250e-01
1.940000000000000000e+02 9.975483644381877291e-01
1.950000000000000000e+02 9.975303638817635266e-01
1.960000000000000000e+02 9.975126749030549522e-01
1.970000000000000000e+02 9.974953028840208846e-01
1.980000000000000000e+02 9.974782531100803151e-01
1.990000000000000000e+02 9.974615307685061882e-01
2.000000000000000000e+02 9.974451409468574337e-01
2.010000000000000000e+02 9.974290886314332027e-01
2.020000000000000000e+02 9.974133787057634093e-01
2.030000000000000000e+02 9.973980159491300235e-01
2.040000000000000000e+02 9.973830050351147891e-01
2.050000000000000000e+02 9.973683505301850216e-01
2.060000000000000000e+02 9.973540568923126015e-01
2.070000000000000000e+02 9.973401284696173930e-01
2.080000000000000000e+02 9.973265694990564034e-01
2.090000000000000000e+02 9.973133841051334825e-01
2.100000000000000000e+02 9.973005762986572043e-01
2.110000000000000000e+02 9.972881499755195112e-01
2.120000000000000000e+02 9.972761089155206538e-01
2.130000000000000000e+02 9.972644567812197769e-01
2.140000000000000000e+02 9.972531971168292486e-01
2.150000000000000000e+02 9.972423333471386320e-01
2.160000000000000000e+02 9.972318687764808454e-01
2.170000000000000000e+02 9.972218065877302973e-01
2.180000000000000000e+02 9.972121498413359930e-01
2.190000000000000000e+02 9.972029014743980513e-01
2.200000000000000000e+02 9.971940642997797477e-01
2.210000000000000000e+02 9.971856410052529762e-01
2.220000000000000000e+02 9.971776341526844556e-01
2.230000000000000000e+02 9.971700461772615709e-01
2.240000000000000000e+02 9.971628793867567397e-01
2.250000000000000000e+02 9.971561359608245301e-01
2.260000000000000000e+02 9.971498179503467396e-01
2.270000000000000000e+02 9.971439272768065631e-01
2.280000000000000000e+02 9.971384657317121647e-01
2.290000000000000000e+02 9.971334349760507809e-01
2.300000000000000000e+02 9.971288365397863451e-01
2.310000000000000000e+02 9.971246718213980786e-01
2.320000000000000000e+02 9.971209420874572738e-01
2.330000000000000000e+02 9.971176484722403810e-01
2.340000000000000000e+02 9.971147919773920565e-01
2.350000000000000000e+02 9.971123734716151876e-01
2.360000000000000000e+02 9.971103936904137655e-01
2.370000000000000000e+02 9.971088532358660661e-01
2.380000000000000000e+02 9.971077525764431293e-01
2.390000000000000000e+02 9.971070920468724230e-01
2.400000000000000000e+02 9.971068718480268211e-01
2.410000000000000000e+02 9.971070920468726451e-01
2.420000000000000000e+02 9.971077525764434624e-01
2.430000000000000000e+02 9.971088532358652889e-01
2.440000000000000000e+02 9.971103936904136544e-01
2.450000000000000000e+02 9.971123734716151876e-01
2.460000000000000000e+02 9.971147919773919455e-01
2.470000000000000000e+02 9.971176484722402700e-01
2.480000000000000000e+02 9.971209420874570517e-01
2.490000000000000000e+02 9.971246718213978566e-01
2.500000000000000000e+02 9.971288365397863451e-01
2.510000000000000000e+02 9.971334349760510030e-01
2.520000000000000000e+02 9.971384657317122757e-01
2.530000000000000000e+02 9.971439272768067852e-01
2.540000000000000000e+02 9.971498179503470727e-01
2.550000000000000000e+02 9.971561359608247521e-01
2.560000000000000000e+02 9.971628793867564067e-01
2.570000000000000000e+02 9.971700461772615709e-01
2.580000000000000000e+02 9.971776341526842335e-01
2.590000000000000000e+02 9.971856410052527542e-01
2.600000000000000000e+02 9.971940642997803028e-01
2.610000000000000000e+02 9.972029014743981623e-01
2.620000000000000000e+02 9.972121498413359930e-01
2.630000000000000000e+02 9.972218065877300752e-01
2.640000000000000000e+02 9.972318687764810674e-01
2.650000000000000000e+02 9.972423333471386320e-01
2.660000000000000000e+02 9.972531971168286935e-01
2.670000000000000000e+02 9.972644567812193328e-01
2.680000000000000000e+02 9.972761089155207648e-01
2.690000000000000000e+02 9.972881499755198442e-01
2.700000000000000000e+02 9.973005762986580924e-01
2.710000000000000000e+02 9.973133841051330384e-01
2.720000000000000000e+02 9.973265694990562924e-01
2.730000000000000000e+02 9.973401284696179481e-01
2.740000000000000000e+02 9.973540568923123795e-01
2.750000000000000000e+02 9.973683505301853547e-01
2.760000000000000000e+02 9.973830050351142340e-01
2.770000000000000000e+02 9.973980159491299124e-01
2.780000000000000000e+02 9.974133787057639644e-01
2.790000000000000000e+02 9.974290886314329807e-01
2.800000000000000000e+02 9.974451409468572116e-01
2.810000000000000000e+02 9.974615307685066323e-01
2.820000000000000000e+02 9.974782531100803151e-01
2.830000000000000000e+02 9.974953028840209956e-01
2.840000000000000000e+02 9.975126749030542861e-01
2.850000000000000000e+02 9.975303638817633045e-01
2.860000000000000000e+02 9.975483644381873960e-01
2.870000000000000000e+02 9.975666710954569361e-01
2.880000000000000000e+02 9.975852782834553345e-01
2.890000000000000000e+02 9.976041803405049091e-01
2.900000000000000000e+02 9.976233715150845116e-01
2.910000000000000000e+02 9.976428459675757976e-01
2.920000000000000000e+02 9.976625977720312566e-01
2.930000000000000000e+02 9.976826209179758820e-01
2.940000000000000000e+02 9.977029093122272707e-01
2.950000000000000000e+02 9.977234567807451437e-01
2.960000000000000000e+02 9.977442570705074010e-01
2.970000000000000000e+02 9.977653038514010531e-01
2.980000000000000000e+02 9.977865907181506788e-01
2.990000000000000000e+02 9.978081111922585400e-01
3.000000000000000000e+02 9.978298587239715634e-01
3.010000000000000000e+02 9.978518266942694170e-01
3.020000000000000000e+02 9.978740084168759017e-01
3.030000000000000000e+02 9.978963971402864397e-01
3.040000000000000000e+02 9.979189860498185460e-01
3.050000000000000000e+02 9.979417682696852809e-01
3.060000000000000000e+02 9.979647368650806927e-01
3.070000000000000000e+02 9.979878848442803596e-01
3.080000000000000000e+02 9.980112051607781254e-01
3.090000000000000000e+02 9.980346907154177272e-01
3.100000000000000000e+02 9.980583343585511802e-01
3.110000000000000000e+02 9.980821288922117063e-01
3.120000000000000000e+02 9.981060670723068684e-01
3.130000000000000000e+02 9.981301416108081526e-01
3.140000000000000000e+02 9.981543451779808507e-01
3.150000000000000000e+02 9.981786704045999548e-01
3.160000000000000000e+02 9.982031098841984695e-01
3.170000000000000000e+02 9.982276561753168354e-01
3.180000000000000000e+02 9.982523018037675611e-01
3.190000000000000000e+02 9.982770392649036317e-01
3.200000000000000000e+02 9.983018610259082326e-01
3.210000000000000000e+02 9.983267595280815865e-01
3.220000000000000000e+02 9.983517271891403366e-01
3.230000000000000000e+02 9.983767564055310295e-01
3.240000000000000000e+02 9.984018395547340496e-01
3.250000000000000000e+02 9.984269689975908690e-01
3.260000000000000000e+02 9.984521370806271889e-01
3.270000000000000000e+02 9.984773361383841861e-01
3.280000000000000000e+02 9.985025584957485378e-01
3.290000000000000000e+02 9.985037532189615650e-01
3.300000000000000000e+02 9.985032468760474123e-01
3.310000000000000000e+02 9.985027556713634844e-01
3.320000000000000000e+02 9.985022797491569513e-01
3.330000000000000000e+02 9.985018192491342814e-01
3.340000000000000000e+02 9.985013743064273806e-01
3.350000000000000000e+02 9.985009450515583973e-01
3.360000000000000000e+02 9.985005316104048623e-01
3.370000000000000000e+02 9.985001341041676026e-01
3.380000000000000000e+02 9.984997526493424314e-01
3.390000000000000000e+02 9.984993873576865075e-01
3.400000000000000000e+02 9.984990383361888044e-01
3.410000000000000000e+02 9.984987056870509026e-01
3.420000000000000000e+02 9.984983895076476879e-01
3.430000000000000000e+02 9.984980898905160274e-01
3.440000000000000000e+02 9.984978069233214626e-01
3.450000000000000000e+02 9.984975406888406679e-01
3.460000000000000000e+02 9.984972912649398014e-01
3.470000000000000000e+02 9.984970587245520779e-01
3.480000000000000000e+02 9.984968431356617824e-01
3.490000000000000000e+02 9.984966445612889485e-01
3.500000000000000000e+02 9.984964630594674873e-01
3.510000000000000000e+02 9.984962986832356391e-01
3.520000000000000000e+02 9.984961514806218741e-01
3.530000000000000000e+02 9.984960214946297929e-01
3.540000000000000000e+02 9.984959087632301333e-01
3.550000000000000000e+02 9.984958133193512220e-01
3.560000000000000000e+02 9.984957351908669843e-01
3.570000000000000000e+02 9.984956744005948348e-01
3.580000000000000000e+02 9.984956309662879059e-01
3.590000000000000000e+02 9.984956049006298295e-01
3.600000000000000000e+02 9.984955962112309624e-01
