0.000000000000000000e+00 9.992633883649941762e-01
1.000000000000000000e+00 9.992855398322315619e-01
2.000000000000000000e+00 9.993074603846087145e-01
3.000000000000000000e+00 9.993291433391180423e-01
4.000000000000000000e+00 9.993505820850261401e-01
5.000000000000000000e+00 9.993717700858960606e-01
6.000000000000000000e+00 9.993927008815841617e-01
7.000000000000000000e+00 9.994133680902183015e-01
8.000000000000000000e+00 9.994337654101459467e-01
9.000000000000000000e+00 9.994538866218624085e-01
1.000000000000000000e+01 9.994737255899146522e-01
1.100000000000000000e+01 9.994932762647756874e-01
1.200000000000000000e+01 9.995125326846961977e-01
1.300000000000000000e+01 9.995314889775263056e-01
1.400000000000000000e+01 9.995501393625196851e-01
1.500000000000000000e+01 9.995684781520892681e-01
1.600000000000000000e+01 9.995864997535603980e-01
1.700000000000000000e+01 9.996041986708753546e-01
1.800000000000000000e+01 9.996215695062757867e-01
1.900000000000000000e+01 9.996386069619573878e-01
2.000000000000000000e+01 9.996553058416904891e-01
2.100000000000000000e+01 9.996716610524106761e-01
2.200000000000000000e+01 9.996876676057766531e-01
2.300000000000000000e+01 9.997033206196994648e-01
2.400000000000000000e+01 9.997186153198359682e-01
2.500000000000000000e+01 9.997335470410544378e-01
2.600000000000000000e+01 9.997481112288545413e-01
2.700000000000000000e+01 9.997623034407741027e-01
2.800000000000000000e+01 9.997761193477380237e-01
2.900000000000000000e+01 9.997895547353946588e-01
3.000000000000000000e+01 9.998026055053954586e-01
3.100000000000000000e+01 9.998152676766652869e-01
3.200000000000000000e+01 9.998275373866044591e-01
3.300000000000000000e+01 9.998394108922884493e-01
3.400000000000000000e+01 9.998508845716026494e-01
3.500000000000000000e+01 9.998619549243580318e-01
3.600000000000000000e+01 9.998726185733645133e-01
3.700000000000000000e+01 9.998828722654615753e-01
3.800000000000000000e+01 9.998927128725175750e-01
3.900000000000000000e+01 9.999021373923890899e-01
4.000000000000000000e+01 9.999111429498409587e-01
4.100000000000000000e+01 9.999197267974255787e-01
4.200000000000000000e+01 9.999278863163262310e-01
4.300000000000000000e+01 9.999356190171587722e-01
4.400000000000000000e+01 9.999429225407385768e-01
4.500000000000000000e+01 9.999497946587981856e-01
4.600000000000000000e+01 9.999562332746728677e-01
4.700000000000000000e+01 9.999622364239461048e-01
4.800000000000000000e+01 9.999678022750471129e-01
4.900000000000000000e+01 9.999729291298138367e-01
5.000000000000000000e+01 9.999776154240167525e-01
5.100000000000000000e+01 9.999818597278323784e-01
5.200000000000000000e+01 9.999856607462882518e-01
5.300000000000000000e+01 9.999890173196550602e-01
5.400000000000000000e+01 9.999919284238056871e-01
5.500000000000000000e+01 9.999943931705247424e-01
5.600000000000000000e+01 9.999964108077857849e-01
5.700000000000000000e+01 9.999979807199806947e-01
5.800000000000000000e+01 9.999991024281049690e-01
5.900000000000000000e+01 9.999997755899083796e-01
6.000000000000000000e+01 1.000000000000000000e+00
6.100000000000000000e+01 9.999997755899082685e-01
6.200000000000000000e+01 9.999991024281045249e-01
6.300000000000000000e+01 9.999979807199796955e-01
6.400000000000000000e+01 9.999964108077857849e-01
6.500000000000000000e+01 9.999943931705241873e-01
6.600000000000000000e+01 9.999919284238061312e-01
6.700000000000000000e+01 9.999890173196560594e-01
6.800000000000000000e+01 9.999856607462882518e-01
6.900000000000000000e+01 9.999818597278323784e-01
7.000000000000000000e+01 9.999776154240168635e-01
7.100000000000000000e+01 9.999729291298136147e-01
7.200000000000000000e+01 9.999678022750464468e-01
7.300000000000000000e+01 9.999622364239462158e-01
7.400000000000000000e+01 9.999562332746735338e-01
7.500000000000000000e+01 9.999497946587977415e-01
7.600000000000000000e+01 9.999429225407387989e-01
7.700000000000000000e+01 9.999356190171592162e-01
7.800000000000000000e+01 9.999278863163260089e-01
7.900000000000000000e+01 9.999197267974256897e-01
8.000000000000000000e+01 9.999111429498416248e-01
8.100000000000000000e+01 9.999021373923892009e-01
8.200000000000000000e+01 9.998927128725180191e-01
8.300000000000000000e+01 9.998828722654621304e-01
8.400000000000000000e+01 9.998726185733645133e-01
8.500000000000000000e+01 9.998619549243582538e-01
8.600000000000000000e+01 9.998508845716022053e-01
8.700000000000000000e+01 9.998394108922885604e-01
8.800000000000000000e+01 9.998275373866051252e-01
8.900000000000000000e+01 9.998152676766650648e-01
9.000000000000000000e+01 9.998026055053954586e-01
9.100000000000000000e+01 9.997895547353946588e-01
9.200000000000000000e+01 9.997761193477386898e-01
9.300000000000000000e+01 9.997623034407738807e-01
9.400000000000000000e+01 9.997481112288543192e-01
9.500000000000000000e+01 9.997335470410542158e-01
9.600000000000000000e+01 9.997186153198358571e-01
9.700000000000000000e+01 9.997033206196991317e-01
9.800000000000000000e+01 9.996876676057763200e-01
9.900000000000000000e+01 9.996716610524111202e-01
1.000000000000000000e+02 9.996553058416907112e-01
1.010000000000000000e+02 9.996386069619576098e-01
1.020000000000000000e+02 9.996215695062756756e-01
1.030000000000000000e+02 9.996041986708749105e-01
1.040000000000000000e+02 9.995864997535606200e-01
1.050000000000000000e+02 9.995684781520892681e-01
1.060000000000000000e+02 9.995501393625200182e-01
1.070000000000000000e+02 9.995314889775273048e-01
1.080000000000000000e+02 9.995125326846958647e-01
1.090000000000000000e+02 9.994932762647753544e-01
1.100000000000000000e+02 9.994737255899142081e-01
1.110000000000000000e+02 9.994538866218618534e-01
1.120000000000000000e+02 9.994337654101458357e-01
1.130000000000000000e+02 9.994133680902184125e-01
1.140000000000000000e+02 9.993927008815840507e-01
1.150000000000000000e+02 9.993717700858961717e-01
1.160000000000000000e+02 9.993505820850265842e-01
1.170000000000000000e+02 9.993291433391181533e-01
1.180000000000000000e+02 9.993074603846092696e-01
1.190000000000000000e+02 9.992855398322311178e-01
1.200000000000000000e+02 9.992633883649941762e-01
1.210000000000000000e+02 9.992410127361373018e-01
1.220000000000000000e+02 9.992184197670689327e-01
1.230000000000000000e+02 9.991956163452820894e-01
1.240000000000000000e+02 9.991726094222492804e-01
1.250000000000000000e+02 9.991494060112943165e-01
1.260000000000000000e+02 9.991260131854577953e-01
1.270000000000000000e+02 9.991024380753296130e-01
1.280000000000000000e+02 9.990786878668731497e-01
1.290000000000000000e+02 9.990547697992321341e-01
1.300000000000000000e+02 9.990306911625177477e-01
1.310000000000000000e+02 9.990064592955817391e-01
1.320000000000000000e+02 9.989820815837815449e-01
1.330000000000000000e+02 9.989575654567178775e-01
1.340000000000000000e+02 9.989329183859705363e-01
1.350000000000000000e+02 9.989081478828188976e-01
1.360000000000000000e+02 9.988832614959474165e-01
1.370000000000000000e+02 9.988582668091459116e-01
1.380000000000000000e+02 9.988331714389901972e-01
1.390000000000000000e+02 9.988079830325220509e-01
1.400000000000000000e+02 9.987827092649153027e-01
1.410000000000000000e+02 9.987573578371350402e-01
1.420000000000000000e+02 9.987319364735921523e-01
1.430000000000000000e+02 9.987064529197782203e-01
1.440000000000000000e+02 9.986809149399149543e-01
1.450000000000000000e+02 9.986553303145847549e-01
1.460000000000000000e+02 9.986297068383496178e-01
1.470000000000000000e+02 9.986040523173866923e-01
1.480000000000000000e+02 9.985783745671075184e-01
1.490000000000000000e+02 9.985786645307211939e-01
1.500000000000000000e+02 9.985792017689482103e-01
1.510000000000000000e+02 9.985797230690708348e-01
1.520000000000000000e+02 9.985802282667217700e-01
1.530000000000000000e+02 9.985807172025558121e-01
1.540000000000000000e+02 9.985811897223113576e-01
1.550000000000000000e+02 9.985816456768609184e-01
1.560000000000000000e+02 9.985820849222598605e-01
1.570000000000000000e+02 9.985825073198018043e-01
1.580000000000000000e+02 9.985829127360610347e-01
1.590000000000000000e+02 9.985833010429465695e-01
1.600000000000000000e+02 9.985836721177402397e-01
1.610000000000000000e+02 9.985840258431418759e-01
1.620000000000000000e+02 9.985843621073074994e-01
1.630000000000000000e+02 9.985846808038963962e-01
1.640000000000000000e+02 9.985849818320979843e-01
1.650000000000000000e+02 9.985852650966744459e-01
1.660000000000000000e+02 9.985855305079892608e-01
1.670000000000000000e+02 9.985857779820435098e-01
1.680000000000000000e+02 9.985860074405000786e-01
1.690000000000000000e+02 9.985862188107164084e-01
1.700000000000000000e+02 9.985864120257632592e-01
1.710000000000000000e+02 9.985865870244566844e-01
1.720000000000000000e+02 9.985867437513711309e-01
1.730000000000000000e+02 9.985868821568655296e-01
1.740000000000000000e+02 9.985870021970966182e-01
1.750000000000000000e+02 9.985871038340344841e-01
1.760000000000000000e+02 9.985871870354787738e-01
1.770000000000000000e+02 9.985872517750700172e-01
1.780000000000000000e+02 9.985872980322926251e-01
1.790000000000000000e+02 9.985873257924907653e-01
1.800000000000000000e+02 9.985873350468678078e-01
1.810000000000000000e+02 9.985873257924915425e-01
1.820000000000000000e+02 9.985872980322929582e-01
1.830000000000000000e+02 9.985872517750701283e-01
1.840000000000000000e+02 9.985871870354791069e-01
1.850000000000000000e+02 9.985871038340344841e-01
1.860000000000000000e+02 9.985870021970962851e-01
1.870000000000000000e+02 9.985868821568658626e-01
1.880000000000000000e+02 9.985867437513711309e-01
1.890000000000000000e+02 9.985865870244565734e-01
1.900000000000000000e+02 9.985864120257633703e-01
1.910000000000000000e+02 9.985862188107164084e-01
1.920000000000000000e+02 9.985860074405009668e-01
1.930000000000000000e+02 9.985857779820432878e-01
1.940000000000000000e+02 9.985855305079891497e-01
1.950000000000000000e+02 9.985852650966747790e-01
1.960000000000000000e+02 9.985849818320982063e-01
1.970000000000000000e+02 9.985846808038965072e-01
1.980000000000000000e+02 9.985843621073082765e-01
1.990000000000000000e+02 9.985840258431413208e-01
2.000000000000000000e+02 9.985836721177405728e-01
2.010000000000000000e+02 9.985833010429469025e-01
2.020000000000000000e+02 9.985829127360610347e-01
2.030000000000000000e+02 9.985825073198016932e-01
2.040000000000000000e+02 9.985820849222603046e-01
2.050000000000000000e+02 9.985816456768614735e-01
2.060000000000000000e+02 9.985811897223116906e-01
2.070000000000000000e+02 9.985807172025560341e-01
2.080000000000000000e+02 9.985802282667211038e-01
2.090000000000000000e+02 9.985797230690702797e-01
2.100000000000000000e+02 9.985792017689477662e-01
2.110000000000000000e+02 9.985786645307211939e-01
2.120000000000000000e+02 9.985781115237281069e-01
2.130000000000000000e+02 9.985775429222142341e-01
2.140000000000000000e+02 9.985769589052768680e-01
2.150000000000000000e+02 9.985763596568005829e-01
2.160000000000000000e+02 9.985757453653950622e-01
2.170000000000000000e+02 9.985751162243291512e-01
2.180000000000000000e+02 9.985744724314655762e-01
2.190000000000000000e+02 9.985738141891924435e-01
2.200000000000000000e+02 9.985731417043552938e-01
2.210000000000000000e+02 9.985724551881843825e-01
2.220000000000000000e+02 9.985717548562231816e-01
2.230000000000000000e+02 9.985710409282544386e-01
2.240000000000000000e+02 9.985703136282301218e-01
2.250000000000000000e+02 9.985695731841859324e-01
2.260000000000000000e+02 9.985688198281722494e-01
2.270000000000000000e+02 9.985680537961734160e-01
2.280000000000000000e+02 9.985672753280250280e-01
2.290000000000000000e+02 9.985664846673347750e-01
2.300000000000000000e+02 9.985656820614035034e-01
2.310000000000000000e+02 9.985648677611355106e-01
2.320000000000000000e+02 9.985640420209598300e-01
2.330000000000000000e+02 9.985632050987435226e-01
2.340000000000000000e+02 9.985623572557033034e-01
2.350000000000000000e+02 9.985614987563200540e-01
2.360000000000000000e+02 9.985606298682538906e-01
2.370000000000000000e+02 9.985597508622454654e-01
2.380000000000000000e+02 9.985588620120373626e-01
2.390000000000000000e+02 9.985579635942780641e-01
2.400000000000000000e+02 9.985570558884282466e-01
2.410000000000000000e+02 9.985561391766742956e-01
2.420000000000000000e+02 9.985552137438292730e-01
2.430000000000000000e+02 9.985542798772460982e-01
2.440000000000000000e+02 9.985533378667161841e-01
2.450000000000000000e+02 9.985523880043802869e-01
2.460000000000000000e+02 9.985514305846302507e-01
2.470000000000000000e+02 9.985504659040154163e-01
2.480000000000000000e+02 9.985494942611429225e-01
2.490000000000000000e+02 9.985485159565846702e-01
2.500000000000000000e+02 9.985475312927768465e-01
2.510000000000000000e+02 9.985465405739251121e-01
2.520000000000000000e+02 9.985455441059071235e-01
2.530000000000000000e+02 9.985445421961686163e-01
2.540000000000000000e+02 9.985435351536336990e-01
2.550000000000000000e+02 9.985425232885993818e-01
2.560000000000000000e+02 9.985415069126396537e-01
2.570000000000000000e+02 9.985404863385038965e-01
2.580000000000000000e+02 9.985394618800264022e-01
2.590000000000000000e+02 9.985384338520112424e-01
2.600000000000000000e+02 9.985374025701505563e-01
2.610000000000000000e+02 9.985363683509121957e-01
2.620000000000000000e+02 9.985353315114467998e-01
2.630000000000000000e+02 9.985342923694888739e-01
2.640000000000000000e+02 9.985332512432532059e-01
2.650000000000000000e+02 9.985322084513408303e-01
2.660000000000000000e+02 9.985311643126373315e-01
2.670000000000000000e+02 9.985301191462151449e-01
2.680000000000000000e+02 9.985290732712346351e-01
2.690000000000000000e+02 9.985280270068450648e-01
2.700000000000000000e+02 9.985272865852447000e-01
2.710000000000000000e+02 9.985272926870421006e-01
2.720000000000000000e+02 9.985272986571697151e-01
2.730000000000000000e+02 9.985273044883532512e-01
2.740000000000000000e+02 9.985273101734890577e-01
2.750000000000000000e+02 9.985273157056501203e-01
2.760000000000000000e+02 9.985273210780963860e-01
2.770000000000000000e+02 9.985273262842820907e-01
2.780000000000000000e+02 9.985273313178647525e-01
2.790000000000000000e+02 9.985273361727114994e-01
2.800000000000000000e+02 9.985273408429078401e-01
2.810000000000000000e+02 9.985273453227633267e-01
2.820000000000000000e+02 9.985273496068201027e-01
2.830000000000000000e+02 9.985273536898592317e-01
2.840000000000000000e+02 9.985273575669049162e-01
2.850000000000000000e+02 9.985273612332351556e-01
2.860000000000000000e+02 9.985273646843821904e-01
2.870000000000000000e+02 9.985273679161410509e-01
2.880000000000000000e+02 9.985273709245749973e-01
2.890000000000000000e+02 9.985273737060178512e-01
2.900000000000000000e+02 9.985273762570818779e-01
2.910000000000000000e+02 9.985273785746586750e-01
2.920000000000000000e+02 9.985273806559243903e-01
2.930000000000000000e+02 9.985273824983434965e-01
2.940000000000000000e+02 9.985273840996714556e-01
2.950000000000000000e+02 9.985273854579569397e-01
2.960000000000000000e+02 9.985273865715454944e-01
2.970000000000000000e+02 9.985273874390796500e-01
2.980000000000000000e+02 9.985273880595030294e-01
2.990000000000000000e+02 9.985273884320601256e-01
3.000000000000000000e+02 9.985273885562959695e-01
3.010000000000000000e+02 9.985273884320601256e-01
3.020000000000000000e+02 9.985273880595030294e-01
3.030000000000000000e+02 9.985273874390794280e-01
3.040000000000000000e+02 9.985273865715452724e-01
3.050000000000000000e+02 9.985273854579569397e-01
3.060000000000000000e+02 9.985273840996715666e-01
3.070000000000000000e+02 9.985273824983434965e-01
3.080000000000000000e+02 9.985273806559245013e-01
3.090000000000000000e+02 9.985273785746585640e-01
3.100000000000000000e+02 9.985273762570819889e-01
3.110000000000000000e+02 9.985273737060179622e-01
3.120000000000000000e+02 9.985273709245748863e-01
3.130000000000000000e+02 9.985273679161411620e-01
3.140000000000000000e+02 9.985273646843820794e-01
3.150000000000000000e+02 9.985273612332351556e-01
3.160000000000000000e+02 9.985273575669051382e-01
3.170000000000000000e+02 9.985273536898592317e-01
3.180000000000000000e+02 9.985273496068201027e-01
3.190000000000000000e+02 9.985273453227633267e-01
3.200000000000000000e+02 9.985273408429080622e-01
3.210000000000000000e+02 9.985273361727112773e-01
3.220000000000000000e+02 9.985273313178648635e-01
3.230000000000000000e+02 9.985273262842820907e-01
3.240000000000000000e+02 9.985273210780964970e-01
3.250000000000000000e+02 9.985273157056500093e-01
3.260000000000000000e+02 9.985273101734890577e-01
3.270000000000000000e+02 9.985273044883534732e-01
3.280000000000000000e+02 9.985272986571699372e-01
3.290000000000000000e+02 9.985272926870421006e-01
3.300000000000000000e+02 9.985272865852447000e-01
3.310000000000000000e+02 9.985526814097667181e-01
3.320000000000000000e+02 9.985783745671075184e-01
3.330000000000000000e+02 9.986040523173869143e-01
3.340000000000000000e+02 9.986297068383498399e-01
3.350000000000000000e+02 9.986553303145845328e-01
3.360000000000000000e+02 9.986809149399152874e-01
3.370000000000000000e+02 9.987064529197778873e-01
3.380000000000000000e+02 9.987319364735918192e-01
3.390000000000000000e+02 9.987573578371353733e-01
3.400000000000000000e+02 9.987827092649151917e-01
3.410000000000000000e+02 9.988079830325221620e-01
3.420000000000000000e+02 9.988331714389904192e-01
3.430000000000000000e+02 9.988582668091463557e-01
3.440000000000000000e+02 9.988832614959475276e-01
3.450000000000000000e+02 9.989081478828188976e-01
3.460000000000000000e+02 9.989329183859707584e-01
3.470000000000000000e+02 9.989575654567175444e-01
3.480000000000000000e+02 9.989820815837818779e-01
3.490000000000000000e+02 9.990064592955821832e-01
3.500000000000000000e+02 9.990306911625174147e-01
3.510000000000000000e+02 9.990547697992321341e-01
3.520000000000000000e+02 9.990786878668730386e-01
3.530000000000000000e+02 9.991024380753296130e-01
3.540000000000000000e+02 9.991260131854581283e-01
3.550000000000000000e+02 9.991494060112939835e-01
3.560000000000000000e+02 9.991726094222490584e-01
3.570000000000000000e+02 9.991956163452818673e-01
3.580000000000000000e+02 9.992184197670689327e-01
3.590000000000000000e+02 9.992410127361373018e-01
3.600000000000000000e+02 9.992633883649941762e-01
