0.000000000000000000e+00 9.985270826431419389e-01
1.000000000000000000e+00 9.985270765413444272e-01
2.000000000000000000e+00 9.985270705712167016e-01
3.000000000000000000e+00 9.985270647400329436e-01
4.000000000000000000e+00 9.985270590548975811e-01
5.000000000000000000e+00 9.985270535227368516e-01
6.000000000000000000e+00 9.985270481502909190e-01
7.000000000000000000e+00 9.985270429441046591e-01
8.000000000000000000e+00 9.985270379105218863e-01
9.000000000000000000e+00 9.985270330556749174e-01
1.000000000000000000e+01 9.985270283854790208e-01
1.100000000000000000e+01 9.985270239056235342e-01
1.200000000000000000e+01 9.985270196215667582e-01
1.300000000000000000e+01 9.985270155385276292e-01
1.400000000000000000e+01 9.985270116614816116e-01
1.500000000000000000e+01 9.985270079951519273e-01
1.600000000000000000e+01 9.985270045440052256e-01
1.700000000000000000e+01 9.985270013122459209e-01
1.800000000000000000e+01 9.985269983038118635e-01
1.900000000000000000e+01 9.985269955223686766e-01
2.000000000000000000e+01 9.985269929713046499e-01
2.100000000000000000e+01 9.985269906537279638e-01
2.200000000000000000e+01 9.985269885724621375e-01
2.300000000000000000e+01 9.985269867300429203e-01
2.400000000000000000e+01 9.985269851287149612e-01
2.500000000000000000e+01 9.985269837704295881e-01
2.600000000000000000e+01 9.985269826568410334e-01
2.700000000000000000e+01 9.985269817893069888e-01
2.800000000000000000e+01 9.985269811688836095e-01
2.900000000000000000e+01 9.985269807963269573e-01
3.000000000000000000e+01 9.985269806720910024e-01
3.100000000000000000e+01 9.985269807963269573e-01
3.200000000000000000e+01 9.985269811688837205e-01
3.300000000000000000e+01 9.985269817893068778e-01
3.400000000000000000e+01 9.985269826568412554e-01
3.500000000000000000e+01 9.985269837704295881e-01
3.600000000000000000e+01 9.985269851287149612e-01
3.700000000000000000e+01 9.985269867300430313e-01
3.800000000000000000e+01 9.985269885724623595e-01
3.900000000000000000e+01 9.985269906537281859e-01
4.000000000000000000e+01 9.985269929713046499e-01
4.100000000000000000e+01 9.985269955223686766e-01
4.200000000000000000e+01 9.985269983038118635e-01
4.300000000000000000e+01 9.985270013122456989e-01
4.400000000000000000e+01 9.985270045440051145e-01
4.500000000000000000e+01 9.985270079951520383e-01
4.600000000000000000e+01 9.985270116614816116e-01
4.700000000000000000e+01 9.985270155385276292e-01
4.800000000000000000e+01 9.985270196215668692e-01
4.900000000000000000e+01 9.985270239056233121e-01
5.000000000000000000e+01 9.985270283854790208e-01
5.100000000000000000e+01 9.985270330556749174e-01
5.200000000000000000e+01 9.985270379105219973e-01
5.300000000000000000e+01 9.985270429441044371e-01
5.400000000000000000e+01 9.985270481502909190e-01
5.500000000000000000e+01 9.985270535227366295e-01
5.600000000000000000e+01 9.985270590548976921e-01
5.700000000000000000e+01 9.985270647400330546e-01
5.800000000000000000e+01 9.985270705712169237e-01
5.900000000000000000e+01 9.985270765413443161e-01
6.000000000000000000e+01 9.985270826431418278e-01
6.100000000000000000e+01 9.985270888691758495e-01
6.200000000000000000e+01 9.985270952118602272e-01
6.300000000000000000e+01 9.985271016634673646e-01
6.400000000000000000e+01 9.985271082161369938e-01
6.500000000000000000e+01 9.985271148618861670e-01
6.600000000000000000e+01 9.985271215926180277e-01
6.700000000000000000e+01 9.985271284001319136e-01
6.800000000000000000e+01 9.985271352761334596e-01
6.900000000000000000e+01 9.985271422122459217e-01
7.000000000000000000e+01 9.985271492000190596e-01
7.100000000000000000e+01 9.985271562309384619e-01
7.200000000000000000e+01 9.985271632964385358e-01
7.300000000000000000e+01 9.985271703879112781e-01
7.400000000000000000e+01 9.985271774967167113e-01
7.500000000000000000e+01 9.985271846141933194e-01
7.600000000000000000e+01 9.985271917316701495e-01
7.700000000000000000e+01 9.985271988404751387e-01
7.800000000000000000e+01 9.985272059319478810e-01
7.900000000000000000e+01 9.985272129974481770e-01
8.000000000000000000e+01 9.985272200283678012e-01
8.100000000000000000e+01 9.985272270161403840e-01
8.200000000000000000e+01 9.985272339522536234e-01
8.300000000000000000e+01 9.985272408282550582e-01
8.400000000000000000e+01 9.985272476357688332e-01
8.500000000000000000e+01 9.985272543665004719e-01
8.600000000000000000e+01 9.985272610122497561e-01
8.700000000000000000e+01 9.985272675649192742e-01
8.800000000000000000e+01 9.985272740165265226e-01
8.900000000000000000e+01 9.985272803592109003e-01
9.000000000000000000e+01 9.985272865852445889e-01
9.100000000000000000e+01 9.985280270068455089e-01
9.200000000000000000e+01 9.985290732712346351e-01
9.300000000000000000e+01 9.985301191462152559e-01
9.400000000000000000e+01 9.985311643126373315e-01
9.500000000000000000e+01 9.985322084513408303e-01
9.600000000000000000e+01 9.985332512432532059e-01
9.700000000000000000e+01 9.985342923694889850e-01
9.800000000000000000e+01 9.985353315114474659e-01
9.900000000000000000e+01 9.985363683509125288e-01
1.000000000000000000e+02 9.985374025701507783e-01
1.010000000000000000e+02 9.985384338520110203e-01
1.020000000000000000e+02 9.985394618800261801e-01
1.030000000000000000e+02 9.985404863385044516e-01
1.040000000000000000e+02 9.985415069126395426e-01
1.050000000000000000e+02 9.985425232885990487e-01
1.060000000000000000e+02 9.985435351536336990e-01
1.070000000000000000e+02 9.985445421961687273e-01
1.080000000000000000e+02 9.985455441059070125e-01
1.090000000000000000e+02 9.985465405739255562e-01
1.100000000000000000e+02 9.985475312927768465e-01
1.110000000000000000e+02 9.985485159565845592e-01
1.120000000000000000e+02 9.985494942611431446e-01
1.130000000000000000e+02 9.985504659040153053e-01
1.140000000000000000e+02 9.985514305846306948e-01
1.150000000000000000e+02 9.985523880043806200e-01
1.160000000000000000e+02 9.985533378667162951e-01
1.170000000000000000e+02 9.985542798772456541e-01
1.180000000000000000e+02 9.985552137438296061e-01
1.190000000000000000e+02 9.985561391766740735e-01
1.200000000000000000e+02 9.985570558884285797e-01
1.210000000000000000e+02 9.985579635942780641e-01
1.220000000000000000e+02 9.985588620120378067e-01
1.230000000000000000e+02 9.985597508622453544e-01
1.240000000000000000e+02 9.985606298682536686e-01
1.250000000000000000e+02 9.985614987563207201e-01
1.260000000000000000e+02 9.985623572557028593e-01
1.270000000000000000e+02 9.985632050987431896e-01
1.280000000000000000e+02 9.985640420209593859e-01
1.290000000000000000e+02 9.985648677611352886e-01
1.300000000000000000e+02 9.985656820614032814e-01
1.310000000000000000e+02 9.985664846673338868e-01
1.320000000000000000e+02 9.985672753280249170e-01
1.330000000000000000e+02 9.985680537961736380e-01
1.340000000000000000e+02 9.985688198281723604e-01
1.350000000000000000e+02 9.985695731841864875e-01
1.360000000000000000e+02 9.985703136282296777e-01
1.370000000000000000e+02 9.985710409282539946e-01
1.380000000000000000e+02 9.985717548562228485e-01
1.390000000000000000e+02 9.985724551881841604e-01
1.400000000000000000e+02 9.985731417043560709e-01
1.410000000000000000e+02 9.985738141891925546e-01
1.420000000000000000e+02 9.985744724314656873e-01
1.430000000000000000e+02 9.985751162243291512e-01
1.440000000000000000e+02 9.985757453653952842e-01
1.450000000000000000e+02 9.985763596568011380e-01
1.460000000000000000e+02 9.985769589052768680e-01
1.470000000000000000e+02 9.985775429222141231e-01
1.480000000000000000e+02 9.985781115237283290e-01
1.490000000000000000e+02 9.985526814097666071e-01
1.500000000000000000e+02 9.985272865852445889e-01
1.510000000000000000e+02 9.985272803592107893e-01
1.520000000000000000e+02 9.985272740165265226e-01
1.530000000000000000e+02 9.985272675649192742e-01
1.540000000000000000e+02 9.985272610122496451e-01
1.550000000000000000e+02 9.985272543665005829e-01
1.560000000000000000e+02 9.985272476357687221e-01
1.570000000000000000e+02 9.985272408282550582e-01
1.580000000000000000e+02 9.985272339522535123e-01
1.590000000000000000e+02 9.985272270161403840e-01
1.600000000000000000e+02 9.985272200283675792e-01
1.610000000000000000e+02 9.985272129974481770e-01
1.620000000000000000e+02 9.985272059319477700e-01
1.630000000000000000e+02 9.985271988404750276e-01
1.640000000000000000e+02 9.985271917316700385e-01
1.650000000000000000e+02 9.985271846141933194e-01
1.660000000000000000e+02 9.985271774967166003e-01
1.670000000000000000e+02 9.985271703879113891e-01
1.680000000000000000e+02 9.985271632964385358e-01
1.690000000000000000e+02 9.985271562309384619e-01
1.700000000000000000e+02 9.985271492000189486e-01
1.710000000000000000e+02 9.985271422122460327e-01
1.720000000000000000e+02 9.985271352761334596e-01
1.730000000000000000e+02 9.985271284001316916e-01
1.740000000000000000e+02 9.985271215926179167e-01
1.750000000000000000e+02 9.985271148618861670e-01
1.760000000000000000e+02 9.985271082161369938e-01
1.770000000000000000e+02 9.985271016634673646e-01
1.780000000000000000e+02 9.985270952118600052e-01
1.790000000000000000e+02 9.985270888691757385e-01
1.800000000000000000e+02 9.985270826431419389e-01
1.810000000000000000e+02 9.985270765413443161e-01
1.820000000000000000e+02 9.985270705712168127e-01
1.830000000000000000e+02 9.985270647400330546e-01
1.840000000000000000e+02 9.985270590548975811e-01
1.850000000000000000e+02 9.985270535227366295e-01
1.860000000000000000e+02 9.985270481502909190e-01
1.870000000000000000e+02 9.985270429441044371e-01
1.880000000000000000e+02 9.985270379105219973e-01
1.890000000000000000e+02 9.985270330556750285e-01
1.900000000000000000e+02 9.985270283854790208e-01
1.910000000000000000e+02 9.985270239056233121e-01
1.920000000000000000e+02 9.985270196215669802e-01
1.930000000000000000e+02 9.985270155385275181e-01
1.940000000000000000e+02 9.985270116614816116e-01
1.950000000000000000e+02 9.985270079951520383e-01
1.960000000000000000e+02 9.985270045440052256e-01
1.970000000000000000e+02 9.985270013122456989e-01
1.980000000000000000e+02 9.985269983038118635e-01
1.990000000000000000e+02 9.985269955223685656e-01
2.000000000000000000e+02 9.985269929713047610e-01
2.010000000000000000e+02 9.985269906537280749e-01
2.020000000000000000e+02 9.985269885724621375e-01
2.030000000000000000e+02 9.985269867300428093e-01
2.040000000000000000e+02 9.985269851287150722e-01
2.050000000000000000e+02 9.985269837704296991e-01
2.060000000000000000e+02 9.985269826568412554e-01
2.070000000000000000e+02 9.985269817893069888e-01
2.080000000000000000e+02 9.985269811688836095e-01
2.090000000000000000e+02 9.985269807963269573e-01
2.100000000000000000e+02 9.985269806720910024e-01
2.110000000000000000e+02 9.985269807963268462e-01
2.120000000000000000e+02 9.985269811688838315e-01
2.130000000000000000e+02 9.985269817893068778e-01
2.140000000000000000e+02 9.985269826568411444e-01
2.150000000000000000e+02 9.985269837704296991e-01
2.160000000000000000e+02 9.985269851287150722e-01
2.170000000000000000e+02 9.985269867300428093e-01
2.180000000000000000e+02 9.985269885724621375e-01
2.190000000000000000e+02 9.985269906537280749e-01
2.200000000000000000e+02 9.985269929713046499e-01
2.210000000000000000e+02 9.985269955223686766e-01
2.220000000000000000e+02 9.985269983038118635e-01
2.230000000000000000e+02 9.985270013122456989e-01
2.240000000000000000e+02 9.985270045440052256e-01
2.250000000000000000e+02 9.985270079951519273e-01
2.260000000000000000e+02 9.985270116614816116e-01
2.270000000000000000e+02 9.985270155385276292e-01
2.280000000000000000e+02 9.985270196215668692e-01
2.290000000000000000e+02 9.985270239056234232e-01
2.300000000000000000e+02 9.985270283854789097e-01
2.310000000000000000e+02 9.985270330556749174e-01
2.320000000000000000e+02 9.985270379105219973e-01
2.330000000000000000e+02 9.985270429441046591e-01
2.340000000000000000e+02 9.985270481502909190e-01
2.350000000000000000e+02 9.985270535227368516e-01
2.360000000000000000e+02 9.985270590548976921e-01
2.370000000000000000e+02 9.985270647400329436e-01
2.380000000000000000e+02 9.985270705712167016e-01
2.390000000000000000e+02 9.985270765413442051e-01
2.400000000000000000e+02 9.985270826431419389e-01
2.410000000000000000e+02 9.985270888691758495e-01
2.420000000000000000e+02 9.985270952118600052e-01
2.430000000000000000e+02 9.985271016634673646e-01
2.440000000000000000e+02 9.985271082161369938e-01
2.450000000000000000e+02 9.985271148618861670e-01
2.460000000000000000e+02 9.985271215926179167e-01
2.470000000000000000e+02 9.985271284001318026e-01
2.480000000000000000e+02 9.985271352761334596e-01
2.490000000000000000e+02 9.985271422122459217e-01
2.500000000000000000e+02 9.985271492000189486e-01
2.510000000000000000e+02 9.985271562309384619e-01
2.520000000000000000e+02 9.985271632964386468e-01
2.530000000000000000e+02 9.985271703879115002e-01
2.540000000000000000e+02 9.985271774967166003e-01
2.550000000000000000e+02 9.985271846141930974e-01
2.560000000000000000e+02 9.985271917316701495e-01
2.570000000000000000e+02 9.985271988404750276e-01
2.580000000000000000e+02 9.985272059319478810e-01
2.590000000000000000e+02 9.985272129974479549e-01
2.600000000000000000e+02 9.985272200283674682e-01
2.610000000000000000e+02 9.985272270161404951e-01
2.620000000000000000e+02 9.985272339522534013e-01
2.630000000000000000e+02 9.985272408282549472e-01
2.640000000000000000e+02 9.985272476357687221e-01
2.650000000000000000e+02 9.985272543665004719e-01
2.660000000000000000e+02 9.985272610122496451e-01
2.670000000000000000e+02 9.985272675649192742e-01
2.680000000000000000e+02 9.985272740165266336e-01
2.690000000000000000e+02 9.985272803592107893e-01
2.700000000000000000e+02 9.985269806720917796e-01
2.710000000000000000e+02 9.985259345858095159e-01
2.720000000000000000e+02 9.985248890665339161e-01
2.730000000000000000e+02 9.985238444324003870e-01
2.740000000000000000e+02 9.985228010010464006e-01
2.750000000000000000e+02 9.985217590895192341e-01
2.760000000000000000e+02 9.985207190141778266e-01
2.770000000000000000e+02 9.985196810905978548e-01
2.780000000000000000e+02 9.985186456334779193e-01
2.790000000000000000e+02 9.985176129565449532e-01
2.800000000000000000e+02 9.985165833724595208e-01
2.810000000000000000e+02 9.985155571927271101e-01
2.820000000000000000e+02 9.985145347275995453e-01
2.830000000000000000e+02 9.985135162859880564e-01
2.840000000000000000e+02 9.985125021753714636e-01
2.850000000000000000e+02 9.985114927017049169e-01
2.860000000000000000e+02 9.985104881693307455e-01
2.870000000000000000e+02 9.985094888808871971e-01
2.880000000000000000e+02 9.985084951372276141e-01
2.890000000000000000e+02 9.985075072373216232e-01
2.900000000000000000e+02 9.985065254781815280e-01
2.910000000000000000e+02 9.985055501547672741e-01
2.920000000000000000e+02 9.985045815599019603e-01
2.930000000000000000e+02 9.985036199841950122e-01
2.940000000000000000e+02 9.985026657159516983e-01
2.950000000000000000e+02 9.985017190410944155e-01
2.960000000000000000e+02 9.985007802430801993e-01
2.970000000000000000e+02 9.984998496028215653e-01
2.980000000000000000e+02 9.984989273986049074e-01
2.990000000000000000e+02 9.984980139060153359e-01
3.000000000000000000e+02 9.984971093978566303e-01
3.010000000000000000e+02 9.984962141440743011e-01
3.020000000000000000e+02 9.984953284116830918e-01
3.030000000000000000e+02 9.984944524646894859e-01
3.040000000000000000e+02 9.984935865640215402e-01
3.050000000000000000e+02 9.984927309674529461e-01
3.060000000000000000e+02 9.984918859295335292e-01
3.070000000000000000e+02 9.984910517015206377e-01
3.080000000000000000e+02 9.984902285313074222e-01
3.090000000000000000e+02 9.984894166633577761e-01
3.100000000000000000e+02 9.984886163386353930e-01
3.110000000000000000e+02 9.984878277945430369e-01
3.120000000000000000e+02 9.984870512648542640e-01
3.130000000000000000e+02 9.984862869796505835e-01
3.140000000000000000e+02 9.984855351652620614e-01
3.150000000000000000e+02 9.984847960442019277e-01
3.160000000000000000e+02 9.984840698351115096e-01
3.170000000000000000e+02 9.984833567526967268e-01
3.180000000000000000e+02 9.984826570076748009e-01
3.190000000000000000e+02 9.984819708067131927e-01
3.200000000000000000e+02 9.984812983523810859e-01
3.210000000000000000e+02 9.984806398430894347e-01
3.220000000000000000e+02 9.984799954730417815e-01
3.230000000000000000e+02 9.984793654321825196e-01
3.240000000000000000e+02 9.984787499061433813e-01
3.250000000000000000e+02 9.984781490762004719e-01
3.260000000000000000e+02 9.984775631192230883e-01
3.270000000000000000e+02 9.984769922076256465e-01
3.280000000000000000e+02 9.984764365093268257e-01
3.290000000000000000e+02 9.985012801828873075e-01
3.300000000000000000e+02 9.985269806720912245e-01
3.310000000000000000e+02 9.985272803592109003e-01
3.320000000000000000e+02 9.985272740165264116e-01
3.330000000000000000e+02 9.985272675649192742e-01
3.340000000000000000e+02 9.985272610122495340e-01
3.350000000000000000e+02 9.985272543665005829e-01
3.360000000000000000e+02 9.985272476357687221e-01
3.370000000000000000e+02 9.985272408282549472e-01
3.380000000000000000e+02 9.985272339522534013e-01
3.390000000000000000e+02 9.985272270161403840e-01
3.400000000000000000e+02 9.985272200283678012e-01
3.410000000000000000e+02 9.985272129974481770e-01
3.420000000000000000e+02 9.985272059319479920e-01
3.430000000000000000e+02 9.985271988404750276e-01
3.440000000000000000e+02 9.985271917316700385e-01
3.450000000000000000e+02 9.985271846141933194e-01
3.460000000000000000e+02 9.985271774967167113e-01
3.470000000000000000e+02 9.985271703879112781e-01
3.480000000000000000e+02 9.985271632964385358e-01
3.490000000000000000e+02 9.985271562309384619e-01
3.500000000000000000e+02 9.985271492000189486e-01
3.510000000000000000e+02 9.985271422122459217e-01
3.520000000000000000e+02 9.985271352761334596e-01
3.530000000000000000e+02 9.985271284001316916e-01
3.540000000000000000e+02 9.985271215926180277e-01
3.550000000000000000e+02 9.985271148618860559e-01
3.560000000000000000e+02 9.985271082161371048e-01
3.570000000000000000e+02 9.985271016634672536e-01
3.580000000000000000e+02 9.985270952118598942e-01
3.590000000000000000e+02 9.985270888691759605e-01
3.600000000000000000e+02 9.985270826431419389e-01
