0.000000000000000000e+00 5.664070853147801531e-15
1.000000000000000000e+00 5.723129459806560726e-15
2.000000000000000000e+00 5.781618702010400677e-15
3.000000000000000000e+00 5.839520098127415254e-15
4.000000000000000000e+00 5.896816553355658166e-15
5.000000000000000000e+00 5.953490746471963465e-15
6.000000000000000000e+00 6.009525412858470316e-15
7.000000000000000000e+00 6.064903514318537538e-15
8.000000000000000000e+00 6.119608239076738870e-15
9.000000000000000000e+00 6.173623199897433624e-15
1.000000000000000000e+01 6.226931924637023052e-15
1.100000000000000000e+01 6.279518195875780219e-15
1.200000000000000000e+01 6.331366135825803337e-15
1.300000000000000000e+01 6.382460291238973821e-15
1.400000000000000000e+01 6.432784557906173381e-15
1.500000000000000000e+01 6.482324331658851420e-15
1.600000000000000000e+01 6.531064470578064701e-15
1.700000000000000000e+01 6.578989945955477844e-15
1.800000000000000000e+01 6.626086521557019922e-15
1.900000000000000000e+01 6.672339904543314110e-15
2.000000000000000000e+01 6.717736198312115411e-15
2.100000000000000000e+01 6.762261110024047000e-15
2.200000000000000000e+01 6.805901761972345624e-15
2.300000000000000000e+01 6.848644823607808722e-15
2.400000000000000000e+01 6.890477388921020879e-15
2.500000000000000000e+01 6.931386495297259993e-15
2.600000000000000000e+01 6.971360227319936288e-15
2.700000000000000000e+01 7.010386018611461072e-15
2.800000000000000000e+01 7.048452321689722661e-15
2.900000000000000000e+01 7.085547843796482766e-15
3.000000000000000000e+01 7.121660782725760254e-15
3.100000000000000000e+01 7.156780892917447584e-15
3.200000000000000000e+01 7.190897108034522965e-15
3.300000000000000000e+01 7.223999267424835338e-15
3.400000000000000000e+01 7.256077493462758410e-15
3.500000000000000000e+01 7.287121795312050934e-15
3.600000000000000000e+01 7.317122804794828671e-15
3.700000000000000000e+01 7.346071691483593708e-15
3.800000000000000000e+01 7.373959426832284585e-15
3.900000000000000000e+01 7.400778001190319214e-15
4.000000000000000000e+01 7.426518867156726028e-15
4.100000000000000000e+01 7.451174496226011256e-15
4.200000000000000000e+01 7.474737076866159516e-15
4.300000000000000000e+01 7.497200042861850514e-15
4.400000000000000000e+01 7.518556516668596493e-15
4.500000000000000000e+01 7.538799479228641005e-15
4.600000000000000000e+01 7.557923468130105922e-15
4.700000000000000000e+01 7.575922341697454944e-15
4.800000000000000000e+01 7.592790496005549139e-15
4.900000000000000000e+01 7.608523402630030118e-15
5.000000000000000000e+01 7.623115797277581728e-15
5.100000000000000000e+01 7.636563745879547272e-15
5.200000000000000000e+01 7.648862691708914622e-15
5.300000000000000000e+01 7.660008927118242793e-15
5.400000000000000000e+01 7.669999508631699147e-15
5.500000000000000000e+01 7.678830955023059987e-15
5.600000000000000000e+01 7.686501002080147697e-15
5.700000000000000000e+01 7.693007130866913633e-15
5.800000000000000000e+01 7.698347275289742149e-15
5.900000000000000000e+01 7.702520048518677354e-15
6.000000000000000000e+01 7.705524092026410786e-15
6.100000000000000000e+01 7.707358018982983396e-15
6.200000000000000000e+01 7.708022112414916797e-15
6.300000000000000000e+01 7.707515608150602639e-15
6.400000000000000000e+01 7.705838874124517439e-15
6.500000000000000000e+01 7.702992448087055411e-15
6.600000000000000000e+01 7.698976924393911938e-15
6.700000000000000000e+01 7.693793718177699805e-15
6.800000000000000000e+01 7.687444159663073737e-15
6.900000000000000000e+01 7.679930201733036001e-15
7.000000000000000000e+01 7.671254618047507846e-15
7.100000000000000000e+01 7.661419446397448023e-15
7.200000000000000000e+01 7.650427630258689169e-15
7.300000000000000000e+01 7.638283103699891136e-15
7.400000000000000000e+01 7.624988923407493628e-15
7.500000000000000000e+01 7.610549051752810234e-15
7.600000000000000000e+01 7.594968215278764472e-15
7.700000000000000000e+01 7.578251027317668057e-15
7.800000000000000000e+01 7.560402497438966118e-15
7.900000000000000000e+01 7.541427918238625391e-15
8.000000000000000000e+01 7.521333233273615472e-15
8.100000000000000000e+01 7.500124329495600060e-15
8.200000000000000000e+01 7.477807518396025266e-15
8.300000000000000000e+01 7.454389366190209807e-15
8.400000000000000000e+01 7.429877486291602361e-15
8.500000000000000000e+01 7.404279180784479409e-15
8.600000000000000000e+01 7.377601949871682562e-15
8.700000000000000000e+01 7.349853548479922877e-15
8.800000000000000000e+01 7.321043033457912401e-15
8.900000000000000000e+01 7.291178697482754830e-15
9.000000000000000000e+01 7.260269569100514780e-15
9.100000000000000000e+01 7.228325271212945941e-15
9.200000000000000000e+01 7.195355002182027472e-15
9.300000000000000000e+01 7.161369149081124566e-15
9.400000000000000000e+01 7.126377815957085538e-15
9.500000000000000000e+01 7.090391418185930106e-15
9.600000000000000000e+01 7.053421191920593816e-15
9.700000000000000000e+01 7.015477807260968992e-15
9.800000000000000000e+01 6.976573038110381450e-15
9.900000000000000000e+01 6.936718771582769595e-15
1.000000000000000000e+02 6.895926838186764354e-15
1.010000000000000000e+02 6.854209719392000302e-15
1.020000000000000000e+02 6.811579953273414760e-15
1.030000000000000000e+02 6.768050417537773345e-15
1.040000000000000000e+02 6.723634357826318983e-15
1.050000000000000000e+02 6.678344906569687530e-15
1.060000000000000000e+02 6.632196158488689107e-15
1.070000000000000000e+02 6.585202066790873032e-15
1.080000000000000000e+02 6.537376499775833715e-15
1.090000000000000000e+02 6.488734372941294737e-15
1.100000000000000000e+02 6.439290007429285085e-15
1.110000000000000000e+02 6.389058545158748785e-15
1.120000000000000000e+02 6.338055354469846360e-15
1.130000000000000000e+02 6.286295690492130479e-15
1.140000000000000000e+02 6.233795402710849193e-15
1.150000000000000000e+02 6.180570000979425409e-15
1.160000000000000000e+02 6.126636240467980276e-15
1.170000000000000000e+02 6.072009687635238656e-15
1.180000000000000000e+02 6.016707578796410801e-15
1.190000000000000000e+02 5.960746414397745257e-15
1.200000000000000000e+02 5.904143006214668281e-15
1.210000000000000000e+02 5.846914901891562321e-15
1.220000000000000000e+02 5.789078884901199898e-15
1.230000000000000000e+02 5.730652899125094501e-15
1.240000000000000000e+02 5.671654916747413359e-15
1.250000000000000000e+02 5.612102174083364359e-15
1.260000000000000000e+02 5.552013379186070917e-15
1.270000000000000000e+02 5.491406221213179440e-15
1.280000000000000000e+02 5.430299351612507444e-15
1.290000000000000000e+02 5.368711535042484246e-15
1.300000000000000000e+02 5.306661055016450845e-15
1.310000000000000000e+02 5.244166761100793041e-15
1.320000000000000000e+02 5.181248097217592803e-15
1.330000000000000000e+02 5.117923771419974337e-15
1.340000000000000000e+02 5.054213086116758807e-15
1.350000000000000000e+02 4.990135513532681133e-15
1.360000000000000000e+02 4.925710299471257369e-15
1.370000000000000000e+02 4.860957595420875088e-15
1.380000000000000000e+02 4.795896250947921666e-15
1.390000000000000000e+02 4.730546785475261983e-15
1.400000000000000000e+02 4.664928586319675264e-15
1.410000000000000000e+02 4.599061437035069412e-15
1.420000000000000000e+02 4.532966168373487020e-15
1.430000000000000000e+02 4.466662195954357897e-15
1.440000000000000000e+02 4.400169982595244177e-15
1.450000000000000000e+02 4.333509708087186385e-15
1.460000000000000000e+02 4.266701693734486637e-15
1.470000000000000000e+02 4.199766289144097635e-15
1.480000000000000000e+02 4.132723391080536714e-15
1.490000000000000000e+02 4.065594141625021818e-15
1.500000000000000000e+02 3.998398833779201325e-15
1.510000000000000000e+02 3.931157562426157699e-15
1.520000000000000000e+02 3.863891130015282161e-15
1.530000000000000000e+02 3.796619829548223090e-15
1.540000000000000000e+02 3.729364321961107748e-15
1.550000000000000000e+02 3.662145098374152007e-15
1.560000000000000000e+02 3.594982281973092069e-15
1.570000000000000000e+02 3.527897128049751761e-15
1.580000000000000000e+02 3.460909222039475041e-15
1.590000000000000000e+02 3.394039564510217075e-15
1.600000000000000000e+02 3.327308363555670154e-15
1.610000000000000000e+02 3.260736195204005843e-15
1.620000000000000000e+02 3.194342927917089713e-15
1.630000000000000000e+02 3.128148967907179970e-15
1.640000000000000000e+02 3.062174777991839142e-15
1.650000000000000000e+02 2.996440396448846158e-15
1.660000000000000000e+02 2.930965606832110894e-15
1.670000000000000000e+02 2.865770928564499410e-15
1.680000000000000000e+02 2.800875720660137589e-15
1.690000000000000000e+02 2.736300134607413792e-15
1.700000000000000000e+02 2.672063642631062151e-15
1.710000000000000000e+02 2.608186339614166311e-15
1.720000000000000000e+02 2.544687160031068555e-15
1.730000000000000000e+02 2.481586113856895651e-15
1.740000000000000000e+02 2.418901852539467483e-15
1.750000000000000000e+02 2.356654159632693135e-15
1.760000000000000000e+02 2.294861318649913213e-15
1.770000000000000000e+02 2.233542971631775605e-15
1.780000000000000000e+02 2.172717628512839387e-15
1.790000000000000000e+02 2.112403657714401648e-15
1.800000000000000000e+02 2.052619512565716750e-15
1.810000000000000000e+02 1.993383929422561453e-15
1.820000000000000000e+02 1.934714767258492763e-15
1.830000000000000000e+02 1.876629602020546079e-15
1.840000000000000000e+02 1.819146858735323204e-15
1.850000000000000000e+02 1.762283830323336546e-15
1.860000000000000000e+02 1.706058064428969535e-15
1.870000000000000000e+02 1.650486514340908055e-15
1.880000000000000000e+02 1.595586105045185628e-15
1.890000000000000000e+02 1.541374129462315251e-15
1.900000000000000000e+02 1.487866833314677004e-15
1.910000000000000000e+02 1.435080971772391445e-15
1.920000000000000000e+02 1.383032082991532853e-15
1.930000000000000000e+02 1.331736554207742901e-15
1.940000000000000000e+02 1.281210291511574753e-15
1.950000000000000000e+02 1.231468097190145118e-15
1.960000000000000000e+02 1.182526160360529757e-15
1.970000000000000000e+02 1.134398434230278181e-15
1.980000000000000000e+02 1.087100570166073710e-15
1.990000000000000000e+02 1.040646464770161534e-15
2.000000000000000000e+02 9.950509486323105259e-16
2.010000000000000000e+02 9.503273239990689182e-16
2.020000000000000000e+02 9.064895440779862242e-16
2.030000000000000000e+02 8.635513073527418178e-16
2.040000000000000000e+02 8.215255198327529860e-16
2.050000000000000000e+02 7.804252856460023402e-16
2.060000000000000000e+02 7.402630013541667895e-16
2.070000000000000000e+02 7.010511201242275651e-16
2.080000000000000000e+02 6.628014441621649121e-16
2.090000000000000000e+02 6.255259454898722391e-16
2.100000000000000000e+02 5.892361432868072935e-16
2.110000000000000000e+02 5.539428774687742810e-16
2.120000000000000000e+02 5.196572992807519679e-16
2.130000000000000000e+02 4.863895976775434755e-16
2.140000000000000000e+02 4.541502729431259923e-16
2.150000000000000000e+02 4.229490045845625576e-16
2.160000000000000000e+02 3.927954155036113953e-16
2.170000000000000000e+02 3.636988738781607378e-16
2.180000000000000000e+02 3.356682667410109950e-16
2.190000000000000000e+02 3.087121131904834476e-16
2.200000000000000000e+02 2.828386776010294342e-16
2.210000000000000000e+02 2.580562243471001452e-16
2.220000000000000000e+02 2.343719423023621863e-16
2.230000000000000000e+02 2.117932184590476848e-16
2.240000000000000000e+02 1.903271001775619479e-16
2.250000000000000000e+02 1.699798989493523704e-16
2.260000000000000000e+02 1.507582658976931173e-16
2.270000000000000000e+02 1.326679464609869324e-16
2.280000000000000000e+02 1.157141766298964529e-16
2.290000000000000000e+02 9.990287165873783253e-17
2.300000000000000000e+02 8.523810712943223350e-17
2.310000000000000000e+02 7.172497751938113019e-17
2.320000000000000000e+02 5.936707726541778842e-17
2.330000000000000000e+02 4.816851025211560542e-17
2.340000000000000000e+02 3.813295582426453970e-17
2.350000000000000000e+02 2.926304612852201496e-17
2.360000000000000000e+02 2.156155482480660831e-17
2.370000000000000000e+02 1.503125557303689689e-17
2.380000000000000000e+02 9.673733321737781917e-18
2.390000000000000000e+02 5.490601322086398843e-18
2.400000000000000000e+02 2.483529430564338478e-18
2.410000000000000000e+02 6.531969108251303965e-19
2.420000000000000000e+02 0.000000000000000000e+00
2.430000000000000000e+02 5.244198431768639217e-19
2.440000000000000000e+02 2.226003597920035907e-18
2.450000000000000000e+02 5.104694658925054909e-18
2.460000000000000000e+02 9.158908077667020577e-18
2.470000000000000000e+02 1.438807780110132264e-17
2.480000000000000000e+02 2.079013773561514574e-17
2.490000000000000000e+02 2.836333311677020024e-17
2.500000000000000000e+02 3.710500349525683976e-17
2.510000000000000000e+02 4.701305447481000701e-17
2.520000000000000000e+02 5.808397652655313503e-17
2.530000000000000000e+02 7.031428842426188566e-17
2.540000000000000000e+02 8.370087687619092031e-17
2.550000000000000000e+02 9.823876061554769229e-17
2.560000000000000000e+02 1.139237508498020870e-16
2.570000000000000000e+02 1.307515172731628766e-16
2.580000000000000000e+02 1.487162861445750576e-16
2.590000000000000000e+02 1.678126799601148426e-16
2.600000000000000000e+02 1.880349532813794877e-16
2.610000000000000000e+02 2.093769644328349838e-16
2.620000000000000000e+02 2.318317792646848897e-16
2.630000000000000000e+02 2.553930579828295512e-16
2.640000000000000000e+02 2.800528192393400537e-16
2.650000000000000000e+02 3.058040722791155107e-16
2.660000000000000000e+02 3.326390055701402945e-16
2.670000000000000000e+02 3.605487037769618341e-16
2.680000000000000000e+02 3.895249874330855701e-16
2.690000000000000000e+02 4.195591959269289726e-16
2.700000000000000000e+02 4.506417629620381398e-16
2.710000000000000000e+02 4.827631788472637875e-16
2.720000000000000000e+02 5.159135093516729835e-16
2.730000000000000000e+02 5.500826787310716450e-16
2.740000000000000000e+02 5.852605829386135284e-16
2.750000000000000000e+02 6.214355895842320450e-16
2.760000000000000000e+02 6.585973115945585517e-16
2.770000000000000000e+02 6.967340316715697795e-16
2.780000000000000000e+02 7.358342023331556230e-16
2.790000000000000000e+02 7.758856534388570531e-16
2.800000000000000000e+02 8.168761582429104229e-16
2.810000000000000000e+02 8.587929805518122991e-16
2.820000000000000000e+02 9.016236105932766355e-16
2.830000000000000000e+02 9.453545763048420368e-16
2.840000000000000000e+02 9.899728301638299177e-16
2.850000000000000000e+02 1.035464362357386443e-15
2.860000000000000000e+02 1.081815078164700898e-15
2.870000000000000000e+02 1.129011109286180451e-15
2.880000000000000000e+02 1.177038191185100633e-15
2.890000000000000000e+02 1.225881040429257600e-15
2.900000000000000000e+02 1.275525052850099965e-15
2.910000000000000000e+02 1.325954831804814649e-15
2.920000000000000000e+02 1.377154980650588374e-15
2.930000000000000000e+02 1.429109989533998629e-15
2.940000000000000000e+02 1.481803697640622210e-15
2.950000000000000000e+02 1.535219915853382965e-15
2.960000000000000000e+02 1.589342794687032054e-15
2.970000000000000000e+02 1.644155182734318074e-15
2.980000000000000000e+02 1.699640296522467912e-15
2.990000000000000000e+02 1.755781805421145006e-15
3.000000000000000000e+02 1.812561822154139792e-15
3.010000000000000000e+02 1.869963138708895757e-15
3.020000000000000000e+02 1.927968518770205212e-15
3.030000000000000000e+02 1.986559933548596999e-15
3.040000000000000000e+02 2.045719354254600358e-15
3.050000000000000000e+02 2.105428978519962602e-15
3.060000000000000000e+02 2.165670381318081532e-15
3.070000000000000000e+02 2.226425081017051020e-15
3.080000000000000000e+02 2.287674765800877511e-15
3.090000000000000000e+02 2.349400246471348878e-15
3.100000000000000000e+02 2.411583239515124909e-15
3.110000000000000000e+02 2.474204301010122453e-15
3.120000000000000000e+02 2.537244694600565536e-15
3.130000000000000000e+02 2.600684693337849790e-15
3.140000000000000000e+02 2.664505136326414461e-15
3.150000000000000000e+02 2.728686777762743890e-15
3.160000000000000000e+02 2.793209551066405803e-15
3.170000000000000000e+02 2.858054125525927269e-15
3.180000000000000000e+02 2.923200434560876802e-15
3.190000000000000000e+02 2.988628977643868111e-15
3.200000000000000000e+02 3.054319320259990434e-15
3.210000000000000000e+02 3.120251735460639007e-15
3.220000000000000000e+02 3.186405845336208180e-15
3.230000000000000000e+02 3.252762064451354782e-15
3.240000000000000000e+02 3.319299562054037010e-15
3.250000000000000000e+02 3.385997931931996655e-15
3.260000000000000000e+02 3.452837560347238387e-15
3.270000000000000000e+02 3.519797418429154881e-15
3.280000000000000000e+02 3.586857298084053055e-15
3.290000000000000000e+02 3.653996821402327654e-15
3.300000000000000000e+02 3.721195553869068311e-15
3.310000000000000000e+02 3.788433004364060730e-15
3.320000000000000000e+02 3.855688653464436877e-15
3.330000000000000000e+02 3.922941953444677347e-15
3.340000000000000000e+02 3.990172498092525116e-15
3.350000000000000000e+02 4.057359852893069422e-15
3.360000000000000000e+02 4.124483498423443021e-15
3.370000000000000000e+02 4.191523283195257549e-15
3.380000000000000000e+02 4.258458489667081424e-15
3.390000000000000000e+02 4.325268598416046611e-15
3.400000000000000000e+02 4.391933627769679292e-15
3.410000000000000000e+02 4.458433256423677349e-15
3.420000000000000000e+02 4.524747389494956742e-15
3.430000000000000000e+02 4.590855366047390998e-15
3.440000000000000000e+02 4.656737544040330654e-15
3.450000000000000000e+02 4.722373658774779491e-15
3.460000000000000000e+02 4.787743813486219385e-15
3.470000000000000000e+02 4.852828224620740856e-15
3.480000000000000000e+02 4.917607193532392485e-15
3.490000000000000000e+02 4.982060823456655359e-15
3.500000000000000000e+02 5.046169868590014213e-15
3.510000000000000000e+02 5.109914347259992073e-15
3.520000000000000000e+02 5.173275211781640378e-15
3.530000000000000000e+02 5.236233442772658787e-15
3.540000000000000000e+02 5.298769284981790769e-15
3.550000000000000000e+02 5.360864511501000434e-15
3.560000000000000000e+02 5.422499763316161507e-15
3.570000000000000000e+02 5.483656587098020022e-15
3.580000000000000000e+02 5.544316359701408255e-15
3.590000000000000000e+02 5.604460457981159275e-15
3.600000000000000000e+02 5.664070853147801531e-15
