0.000000000000000000e+00 9.984674420657242422e-01
1.000000000000000000e+00 9.984674510716291529e-01
2.000000000000000000e+00 9.984674780867134336e-01
3.000000000000000000e+00 9.984675231030899489e-01
4.000000000000000000e+00 9.984675861076116599e-01
5.000000000000000000e+00 9.984676670818801725e-01
6.000000000000000000e+00 9.984677660022477363e-01
7.000000000000000000e+00 9.984678828398225736e-01
8.000000000000000000e+00 9.984680175604786490e-01
9.000000000000000000e+00 9.984681701248625529e-01
1.000000000000000000e+01 9.984683404884018287e-01
1.100000000000000000e+01 9.984685286013208483e-01
1.200000000000000000e+01 9.984687344086499161e-01
1.300000000000000000e+01 9.984689578502384810e-01
1.400000000000000000e+01 9.984691988607747870e-01
1.500000000000000000e+01 9.984694573697961983e-01
1.600000000000000000e+01 9.984697333017128473e-01
1.700000000000000000e+01 9.984700265758220672e-01
1.800000000000000000e+01 9.984703371063337052e-01
1.900000000000000000e+01 9.984706648023859987e-01
2.000000000000000000e+01 9.984710095680754405e-01
2.100000000000000000e+01 9.984713713024766513e-01
2.200000000000000000e+01 9.984717498996692475e-01
2.300000000000000000e+01 9.984721452487632654e-01
2.400000000000000000e+01 9.984725572339324673e-01
2.500000000000000000e+01 9.984729857344393222e-01
2.600000000000000000e+01 9.984734306246667579e-01
2.700000000000000000e+01 9.984738917741521336e-01
2.800000000000000000e+01 9.984743690476192146e-01
2.900000000000000000e+01 9.984748623050146987e-01
3.000000000000000000e+01 9.984753714015416337e-01
3.100000000000000000e+01 9.984758961877012728e-01
3.200000000000000000e+01 9.984764365093268257e-01
3.300000000000000000e+01 9.984769922076252024e-01
3.400000000000000000e+01 9.984775631192234213e-01
3.500000000000000000e+01 9.984781490762005829e-01
3.600000000000000000e+01 9.984787499061433813e-01
3.700000000000000000e+01 9.984793654321826306e-01
3.800000000000000000e+01 9.984799954730423366e-01
3.900000000000000000e+01 9.984806398430896568e-01
4.000000000000000000e+01 9.984812983523804197e-01
4.100000000000000000e+01 9.984819708067133037e-01
4.200000000000000000e+01 9.984826570076748009e-01
4.300000000000000000e+01 9.984833567526965048e-01
4.400000000000000000e+01 9.984840698351112875e-01
4.500000000000000000e+01 9.984847960442025938e-01
4.600000000000000000e+01 9.984855351652617284e-01
4.700000000000000000e+01 9.984862869796501395e-01
4.800000000000000000e+01 9.984870512648541530e-01
4.900000000000000000e+01 9.984878277945429259e-01
5.000000000000000000e+01 9.984886163386361702e-01
5.100000000000000000e+01 9.984894166633576651e-01
5.200000000000000000e+01 9.984902285313070891e-01
5.300000000000000000e+01 9.984910517015203046e-01
5.400000000000000000e+01 9.984918859295339733e-01
5.500000000000000000e+01 9.984927309674526130e-01
5.600000000000000000e+01 9.984935865640217623e-01
5.700000000000000000e+01 9.984944524646899300e-01
5.800000000000000000e+01 9.984953284116832029e-01
5.900000000000000000e+01 9.984962141440747452e-01
6.000000000000000000e+01 9.984971093978567414e-01
6.100000000000000000e+01 9.984980139060154469e-01
6.200000000000000000e+01 9.984989273986055736e-01
6.300000000000000000e+01 9.984998496028212323e-01
6.400000000000000000e+01 9.985007802430800883e-01
6.500000000000000000e+01 9.985017190410939714e-01
6.600000000000000000e+01 9.985026657159521424e-01
6.700000000000000000e+01 9.985036199841953453e-01
6.800000000000000000e+01 9.985045815599019603e-01
6.900000000000000000e+01 9.985055501547669410e-01
7.000000000000000000e+01 9.985065254781818611e-01
7.100000000000000000e+01 9.985075072373216232e-01
7.200000000000000000e+01 9.985084951372267259e-01
7.300000000000000000e+01 9.985094888808874192e-01
7.400000000000000000e+01 9.985104881693306345e-01
7.500000000000000000e+01 9.985114927017049169e-01
7.600000000000000000e+01 9.985125021753716856e-01
7.700000000000000000e+01 9.985135162859882785e-01
7.800000000000000000e+01 9.985145347275995453e-01
7.900000000000000000e+01 9.985155571927269991e-01
8.000000000000000000e+01 9.985165833724595208e-01
8.100000000000000000e+01 9.985176129565443981e-01
8.200000000000000000e+01 9.985186456334783633e-01
8.300000000000000000e+01 9.985196810905981879e-01
8.400000000000000000e+01 9.985207190141777156e-01
8.500000000000000000e+01 9.985217590895187900e-01
8.600000000000000000e+01 9.985228010010458455e-01
8.700000000000000000e+01 9.985238444324004981e-01
8.800000000000000000e+01 9.985248890665343602e-01
8.900000000000000000e+01 9.985259345858099600e-01
9.000000000000000000e+01 9.985269806720916685e-01
9.100000000000000000e+01 9.985272926870422117e-01
9.200000000000000000e+01 9.985272986571697151e-01
9.300000000000000000e+01 9.985273044883533622e-01
9.400000000000000000e+01 9.985273101734889467e-01
9.500000000000000000e+01 9.985273157056500093e-01
9.600000000000000000e+01 9.985273210780962749e-01
9.700000000000000000e+01 9.985273262842822017e-01
9.800000000000000000e+01 9.985273313178647525e-01
9.900000000000000000e+01 9.985273361727112773e-01
1.000000000000000000e+02 9.985273408429079511e-01
1.010000000000000000e+02 9.985273453227633267e-01
1.020000000000000000e+02 9.985273496068202137e-01
1.030000000000000000e+02 9.985273536898591207e-01
1.040000000000000000e+02 9.985273575669052493e-01
1.050000000000000000e+02 9.985273612332351556e-01
1.060000000000000000e+02 9.985273646843821904e-01
1.070000000000000000e+02 9.985273679161410509e-01
1.080000000000000000e+02 9.985273709245748863e-01
1.090000000000000000e+02 9.985273737060179622e-01
1.100000000000000000e+02 9.985273762570818779e-01
1.110000000000000000e+02 9.985273785746586750e-01
1.120000000000000000e+02 9.985273806559243903e-01
1.130000000000000000e+02 9.985273824983434965e-01
1.140000000000000000e+02 9.985273840996714556e-01
1.150000000000000000e+02 9.985273854579569397e-01
1.160000000000000000e+02 9.985273865715454944e-01
1.170000000000000000e+02 9.985273874390794280e-01
1.180000000000000000e+02 9.985273880595030294e-01
1.190000000000000000e+02 9.985273884320600146e-01
1.200000000000000000e+02 9.985273885562957474e-01
1.210000000000000000e+02 9.985273884320600146e-01
1.220000000000000000e+02 9.985273880595029183e-01
1.230000000000000000e+02 9.985273874390794280e-01
1.240000000000000000e+02 9.985273865715454944e-01
1.250000000000000000e+02 9.985273854579569397e-01
1.260000000000000000e+02 9.985273840996714556e-01
1.270000000000000000e+02 9.985273824983436075e-01
1.280000000000000000e+02 9.985273806559243903e-01
1.290000000000000000e+02 9.985273785746586750e-01
1.300000000000000000e+02 9.985273762570818779e-01
1.310000000000000000e+02 9.985273737060178512e-01
1.320000000000000000e+02 9.985273709245748863e-01
1.330000000000000000e+02 9.985273679161410509e-01
1.340000000000000000e+02 9.985273646843820794e-01
1.350000000000000000e+02 9.985273612332352666e-01
1.360000000000000000e+02 9.985273575669051382e-01
1.370000000000000000e+02 9.985273536898591207e-01
1.380000000000000000e+02 9.985273496068202137e-01
1.390000000000000000e+02 9.985273453227632157e-01
1.400000000000000000e+02 9.985273408429079511e-01
1.410000000000000000e+02 9.985273361727111663e-01
1.420000000000000000e+02 9.985273313178649746e-01
1.430000000000000000e+02 9.985273262842822017e-01
1.440000000000000000e+02 9.985273210780962749e-01
1.450000000000000000e+02 9.985273157056502313e-01
1.460000000000000000e+02 9.985273101734890577e-01
1.470000000000000000e+02 9.985273044883531401e-01
1.480000000000000000e+02 9.985272986571698262e-01
1.490000000000000000e+02 9.985272926870422117e-01
1.500000000000000000e+02 9.985269806720914465e-01
1.510000000000000000e+02 9.985012801828874185e-01
1.520000000000000000e+02 9.984755877706597005e-01
1.530000000000000000e+02 9.984499112612265082e-01
1.540000000000000000e+02 9.984242584753332261e-01
1.550000000000000000e+02 9.983986372262743103e-01
1.560000000000000000e+02 9.983730553175141909e-01
1.570000000000000000e+02 9.983475205403079533e-01
1.580000000000000000e+02 9.983220406713324557e-01
1.590000000000000000e+02 9.982966234703197772e-01
1.600000000000000000e+02 9.982712766776937752e-01
1.610000000000000000e+02 9.982460080122151913e-01
1.620000000000000000e+02 9.982208251686334188e-01
1.630000000000000000e+02 9.981957358153452642e-01
1.640000000000000000e+02 9.981707475920614803e-01
1.650000000000000000e+02 9.981458681074848460e-01
1.660000000000000000e+02 9.981211049369932420e-01
1.670000000000000000e+02 9.980964656203378249e-01
1.680000000000000000e+02 9.980719576593509723e-01
1.690000000000000000e+02 9.980475885156636640e-01
1.700000000000000000e+02 9.980233656084400717e-01
1.710000000000000000e+02 9.979992963121178118e-01
1.720000000000000000e+02 9.979753879541706230e-01
1.730000000000000000e+02 9.979516478128795942e-01
1.740000000000000000e+02 9.979280831151241538e-01
1.750000000000000000e+02 9.979047010341791646e-01
1.760000000000000000e+02 9.978815086875459928e-01
1.770000000000000000e+02 9.978585131347842418e-01
1.780000000000000000e+02 9.978357213753642485e-01
1.790000000000000000e+02 9.978131403465516636e-01
1.800000000000000000e+02 9.977907769212895905e-01
1.810000000000000000e+02 9.977686379061199151e-01
1.820000000000000000e+02 9.977467300391109628e-01
1.830000000000000000e+02 9.977250599878162429e-01
1.840000000000000000e+02 9.977036343472478475e-01
1.850000000000000000e+02 9.976824596378764953e-01
1.860000000000000000e+02 9.976615423036514496e-01
1.870000000000000000e+02 9.976408887100445266e-01
1.880000000000000000e+02 9.976205051421211945e-01
1.890000000000000000e+02 9.976003978026298791e-01
1.900000000000000000e+02 9.975805728101231340e-01
1.910000000000000000e+02 9.975610361971013473e-01
1.920000000000000000e+02 9.975417939081816510e-01
1.930000000000000000e+02 9.975228517982956955e-01
1.940000000000000000e+02 9.975042156309138486e-01
1.950000000000000000e+02 9.974858910762973707e-01
1.960000000000000000e+02 9.974678837097800121e-01
1.970000000000000000e+02 9.974501990100753668e-01
1.980000000000000000e+02 9.974328423576205305e-01
1.990000000000000000e+02 9.974158190329386331e-01
2.000000000000000000e+02 9.973991342150448913e-01
2.010000000000000000e+02 9.973827929798703140e-01
2.020000000000000000e+02 9.973668002987302605e-01
2.030000000000000000e+02 9.973511610368110958e-01
2.040000000000000000e+02 9.973358799517008100e-01
2.050000000000000000e+02 9.973209616919465059e-01
2.060000000000000000e+02 9.973064107956447488e-01
2.070000000000000000e+02 9.972922316890651118e-01
2.080000000000000000e+02 9.972784286853149105e-01
2.090000000000000000e+02 9.972650059830278080e-01
2.100000000000000000e+02 9.972519676650928311e-01
2.110000000000000000e+02 9.972393176974192475e-01
2.120000000000000000e+02 9.972270599277343051e-01
2.130000000000000000e+02 9.972151980844182750e-01
2.140000000000000000e+02 9.972037357753760212e-01
2.150000000000000000e+02 9.971926764869410986e-01
2.160000000000000000e+02 9.971820235828270373e-01
2.170000000000000000e+02 9.971717803031023841e-01
2.180000000000000000e+02 9.971619497632120410e-01
2.190000000000000000e+02 9.971525349530333537e-01
2.200000000000000000e+02 9.971435387359730562e-01
2.210000000000000000e+02 9.971349638481009636e-01
2.220000000000000000e+02 9.971268128973143074e-01
2.230000000000000000e+02 9.971190883625588031e-01
2.240000000000000000e+02 9.971117925930715886e-01
2.250000000000000000e+02 9.971049278076723477e-01
2.260000000000000000e+02 9.970984960940904029e-01
2.270000000000000000e+02 9.970924994083355530e-01
2.280000000000000000e+02 9.970869395741019936e-01
2.290000000000000000e+02 9.970818182822214215e-01
2.300000000000000000e+02 9.970771370901475583e-01
2.310000000000000000e+02 9.970728974214850826e-01
2.320000000000000000e+02 9.970691005655610839e-01
2.330000000000000000e+02 9.970657476770321548e-01
2.340000000000000000e+02 9.970628397755373351e-01
2.350000000000000000e+02 9.970603777453890260e-01
2.360000000000000000e+02 9.970583623353052038e-01
2.370000000000000000e+02 9.970567941581788274e-01
2.380000000000000000e+02 9.970556736909019779e-01
2.390000000000000000e+02 9.970550012742108725e-01
2.400000000000000000e+02 9.970547771125908287e-01
2.410000000000000000e+02 9.970550012742114276e-01
2.420000000000000000e+02 9.970556736909017559e-01
2.430000000000000000e+02 9.970567941581790494e-01
2.440000000000000000e+02 9.970583623353046487e-01
2.450000000000000000e+02 9.970603777453892480e-01
2.460000000000000000e+02 9.970628397755371131e-01
2.470000000000000000e+02 9.970657476770321548e-01
2.480000000000000000e+02 9.970691005655604178e-01
2.490000000000000000e+02 9.970728974214849716e-01
2.500000000000000000e+02 9.970771370901476693e-01
2.510000000000000000e+02 9.970818182822211995e-01
2.520000000000000000e+02 9.970869395741021046e-01
2.530000000000000000e+02 9.970924994083354420e-01
2.540000000000000000e+02 9.970984960940905140e-01
2.550000000000000000e+02 9.971049278076725697e-01
2.560000000000000000e+02 9.971117925930719217e-01
2.570000000000000000e+02 9.971190883625582480e-01
2.580000000000000000e+02 9.971268128973143074e-01
2.590000000000000000e+02 9.971349638481004085e-01
2.600000000000000000e+02 9.971435387359727232e-01
2.610000000000000000e+02 9.971525349530333537e-01
2.620000000000000000e+02 9.971619497632121520e-01
2.630000000000000000e+02 9.971717803031020511e-01
2.640000000000000000e+02 9.971820235828271484e-01
2.650000000000000000e+02 9.971926764869412096e-01
2.660000000000000000e+02 9.972037357753756881e-01
2.670000000000000000e+02 9.972151980844182750e-01
2.680000000000000000e+02 9.972270599277347491e-01
2.690000000000000000e+02 9.972393176974192475e-01
2.700000000000000000e+02 9.972519676650933862e-01
2.710000000000000000e+02 9.972650059830270308e-01
2.720000000000000000e+02 9.972784286853150215e-01
2.730000000000000000e+02 9.972922316890647787e-01
2.740000000000000000e+02 9.973064107956445268e-01
2.750000000000000000e+02 9.973209616919460618e-01
2.760000000000000000e+02 9.973358799517001438e-01
2.770000000000000000e+02 9.973511610368106517e-01
2.780000000000000000e+02 9.973668002987301495e-01
2.790000000000000000e+02 9.973827929798707581e-01
2.800000000000000000e+02 9.973991342150442252e-01
2.810000000000000000e+02 9.974158190329388551e-01
2.820000000000000000e+02 9.974328423576204194e-01
2.830000000000000000e+02 9.974501990100753668e-01
2.840000000000000000e+02 9.974678837097790129e-01
2.850000000000000000e+02 9.974858910762970376e-01
2.860000000000000000e+02 9.975042156309138486e-01
2.870000000000000000e+02 9.975228517982952514e-01
2.880000000000000000e+02 9.975417939081817620e-01
2.890000000000000000e+02 9.975610361971013473e-01
2.900000000000000000e+02 9.975805728101230230e-01
2.910000000000000000e+02 9.976003978026294350e-01
2.920000000000000000e+02 9.976205051421211945e-01
2.930000000000000000e+02 9.976408887100444156e-01
2.940000000000000000e+02 9.976615423036512276e-01
2.950000000000000000e+02 9.976824596378763843e-01
2.960000000000000000e+02 9.977036343472472923e-01
2.970000000000000000e+02 9.977250599878164650e-01
2.980000000000000000e+02 9.977467300391111849e-01
2.990000000000000000e+02 9.977686379061199151e-01
3.000000000000000000e+02 9.977907769212900346e-01
3.010000000000000000e+02 9.978131403465517746e-01
3.020000000000000000e+02 9.978357213753641375e-01
3.030000000000000000e+02 9.978585131347836867e-01
3.040000000000000000e+02 9.978815086875456597e-01
3.050000000000000000e+02 9.979047010341790536e-01
3.060000000000000000e+02 9.979280831151237097e-01
3.070000000000000000e+02 9.979516478128797052e-01
3.080000000000000000e+02 9.979753879541709560e-01
3.090000000000000000e+02 9.979992963121180338e-01
3.100000000000000000e+02 9.980233656084400717e-01
3.110000000000000000e+02 9.980475885156638860e-01
3.120000000000000000e+02 9.980719576593514164e-01
3.130000000000000000e+02 9.980964656203378249e-01
3.140000000000000000e+02 9.981211049369933530e-01
3.150000000000000000e+02 9.981458681074847350e-01
3.160000000000000000e+02 9.981707475920614803e-01
3.170000000000000000e+02 9.981957358153454862e-01
3.180000000000000000e+02 9.982208251686336409e-01
3.190000000000000000e+02 9.982460080122155244e-01
3.200000000000000000e+02 9.982712766776941082e-01
3.210000000000000000e+02 9.982966234703199992e-01
3.220000000000000000e+02 9.983220406713323447e-01
3.230000000000000000e+02 9.983475205403071762e-01
3.240000000000000000e+02 9.983730553175145239e-01
3.250000000000000000e+02 9.983986372262744213e-01
3.260000000000000000e+02 9.984242584753335592e-01
3.270000000000000000e+02 9.984499112612266192e-01
3.280000000000000000e+02 9.984755877706599225e-01
3.290000000000000000e+02 9.984758961877013839e-01
3.300000000000000000e+02 9.984753714015420778e-01
3.310000000000000000e+02 9.984748623050145877e-01
3.320000000000000000e+02 9.984743690476196587e-01
3.330000000000000000e+02 9.984738917741518005e-01
3.340000000000000000e+02 9.984734306246666469e-01
3.350000000000000000e+02 9.984729857344393222e-01
3.360000000000000000e+02 9.984725572339326893e-01
3.370000000000000000e+02 9.984721452487631543e-01
3.380000000000000000e+02 9.984717498996688034e-01
3.390000000000000000e+02 9.984713713024764292e-01
3.400000000000000000e+02 9.984710095680759956e-01
3.410000000000000000e+02 9.984706648023862208e-01
3.420000000000000000e+02 9.984703371063335942e-01
3.430000000000000000e+02 9.984700265758219562e-01
3.440000000000000000e+02 9.984697333017128473e-01
3.450000000000000000e+02 9.984694573697970865e-01
3.460000000000000000e+02 9.984691988607755642e-01
3.470000000000000000e+02 9.984689578502384810e-01
3.480000000000000000e+02 9.984687344086501382e-01
3.490000000000000000e+02 9.984685286013201821e-01
3.500000000000000000e+02 9.984683404884017177e-01
3.510000000000000000e+02 9.984681701248622199e-01
3.520000000000000000e+02 9.984680175604783159e-01
3.530000000000000000e+02 9.984678828398224626e-01
3.540000000000000000e+02 9.984677660022475143e-01
3.550000000000000000e+02 9.984676670818803945e-01
3.560000000000000000e+02 9.984675861076121040e-01
3.570000000000000000e+02 9.984675231030895048e-01
3.580000000000000000e+02 9.984674780867138777e-01
3.590000000000000000e+02 9.984674510716291529e-01
3.600000000000000000e+02 9.984674420657242422e-01
