0.000000000000000000e+00 5.924538599958517829e-15
1.000000000000000000e+00 5.986335365672272204e-15
2.000000000000000000e+00 6.513516539587949565e-15
3.000000000000000000e+00 7.215298197984147060e-15
4.000000000000000000e+00 7.171673611812511447e-15
5.000000000000000000e+00 7.127093799531501541e-15
6.000000000000000000e+00 7.081572479691323422e-15
7.000000000000000000e+00 7.035123601406054595e-15
8.000000000000000000e+00 6.987760883225901140e-15
9.000000000000000000e+00 6.939498389546873118e-15
1.000000000000000000e+01 6.890351510507229830e-15
1.100000000000000000e+01 6.840334598707816277e-15
1.200000000000000000e+01 6.789462698441086993e-15
1.300000000000000000e+01 6.568545564054183998e-15
1.400000000000000000e+01 6.737751488050136221e-15
1.500000000000000000e+01 6.685216588237089951e-15
1.600000000000000000e+01 6.631873907908910694e-15
1.700000000000000000e+01 6.577739413613529998e-15
1.800000000000000000e+01 6.522829590667581829e-15
1.900000000000000000e+01 6.467161385515439055e-15
2.000000000000000000e+01 6.410751052909869742e-15
2.100000000000000000e+01 6.353616058063951541e-15
2.200000000000000000e+01 6.295773866190763684e-15
2.300000000000000000e+01 6.237241769580483016e-15
2.400000000000000000e+01 6.622802545404985206e-15
2.500000000000000000e+01 6.178037291087154652e-15
2.600000000000000000e+01 6.118179106384170563e-15
2.700000000000000000e+01 6.057684421300256798e-15
2.800000000000000000e+01 5.996572459097993451e-15
2.900000000000000000e+01 5.934861261400131208e-15
3.000000000000000000e+01 5.872569475059577918e-15
3.100000000000000000e+01 5.809716294518429548e-15
3.200000000000000000e+01 5.746320741295882049e-15
3.300000000000000000e+01 5.682401981013546475e-15
3.400000000000000000e+01 5.617979381036422756e-15
3.500000000000000000e+01 6.676270537195979532e-15
3.600000000000000000e+01 5.553072596934344183e-15
3.700000000000000000e+01 5.487701226636178166e-15
3.800000000000000000e+01 5.421884868070792111e-15
3.900000000000000000e+01 5.355644243165914582e-15
4.000000000000000000e+01 5.288998978670896325e-15
4.100000000000000000e+01 5.221969220103793656e-15
4.200000000000000000e+01 5.154575458828466084e-15
4.300000000000000000e+01 5.086838560875060430e-15
4.400000000000000000e+01 5.018778470018248083e-15
4.500000000000000000e+01 4.950416340493011593e-15
4.600000000000000000e+01 6.728934264570844174e-15
4.700000000000000000e+01 4.881772634842727131e-15
4.800000000000000000e+01 4.812868507302377249e-15
4.900000000000000000e+01 4.743724766261142886e-15
5.000000000000000000e+01 4.674362594774489929e-15
5.100000000000000000e+01 4.604802657129179480e-15
5.200000000000000000e+01 4.535066828072286174e-15
5.300000000000000000e+01 4.465175656608636191e-15
5.400000000000000000e+01 4.395150729280468435e-15
5.500000000000000000e+01 4.325013344425182138e-15
5.600000000000000000e+01 4.254785059764532871e-15
5.700000000000000000e+01 6.780777011649074533e-15
5.800000000000000000e+01 4.184486827790118252e-15
5.900000000000000000e+01 4.114140436787560540e-15
6.000000000000000000e+01 4.043767156273777208e-15
6.100000000000000000e+01 3.973388572791007162e-15
6.200000000000000000e+01 3.903025840574232165e-15
6.300000000000000000e+01 3.832700459704238745e-15
6.400000000000000000e+01 3.762433987902782472e-15
6.500000000000000000e+01 3.692247867609681626e-15
6.600000000000000000e+01 3.622163714187656870e-15
6.700000000000000000e+01 3.552202451307823276e-15
6.800000000000000000e+01 6.831783676497249400e-15
6.900000000000000000e+01 3.482385463769032847e-15
7.000000000000000000e+01 3.412734511036424899e-15
7.100000000000000000e+01 3.343270257396760140e-15
7.200000000000000000e+01 3.274014347033244543e-15
7.300000000000000000e+01 3.204987790078442400e-15
7.400000000000000000e+01 3.136211510203467994e-15
7.500000000000000000e+01 3.067706604002336809e-15
7.600000000000000000e+01 2.999493879864229392e-15
7.700000000000000000e+01 2.931594607306062426e-15
7.800000000000000000e+01 2.864029075948310487e-15
7.900000000000000000e+01 6.881938523131307862e-15
8.000000000000000000e+01 2.796818036539186266e-15
8.100000000000000000e+01 2.729981893981098077e-15
8.200000000000000000e+01 2.663541254919840352e-15
8.300000000000000000e+01 2.597516524257821799e-15
8.400000000000000000e+01 2.531927703410680873e-15
8.500000000000000000e+01 2.466794793794054845e-15
8.600000000000000000e+01 2.402138113848902021e-15
8.700000000000000000e+01 2.337976886837802494e-15
8.800000000000000000e+01 2.274330912433008999e-15
8.900000000000000000e+01 2.211219702101937356e-15
9.000000000000000000e+01 6.931226074951541396e-15
9.100000000000000000e+01 2.148662594389102582e-15
9.200000000000000000e+01 2.086678783736600645e-15
9.300000000000000000e+01 2.025287349304593774e-15
9.400000000000000000e+01 1.964506563279702501e-15
9.500000000000000000e+01 1.904355331899186276e-15
9.600000000000000000e+01 1.844852388477404139e-15
9.700000000000000000e+01 1.786015601714205183e-15
9.800000000000000000e+01 1.727862840309439287e-15
9.900000000000000000e+01 1.670412289988275399e-15
1.000000000000000000e+02 1.613681098938472698e-15
1.010000000000000000e+02 6.979631950536619300e-15
1.020000000000000000e+02 1.557687107039396939e-15
1.030000000000000000e+02 1.502447433658323178e-15
1.040000000000000000e+02 1.447978420009468896e-15
1.050000000000000000e+02 1.394297444844461738e-15
1.060000000000000000e+02 1.341420647634133663e-15
1.070000000000000000e+02 1.289364225490283698e-15
1.080000000000000000e+02 1.238144433165677938e-15
1.090000000000000000e+02 1.187776487875672510e-15
1.100000000000000000e+02 1.138276039142877139e-15
1.110000000000000000e+02 1.089658246541680689e-15
1.120000000000000000e+02 6.047536757835234177e-15
1.130000000000000000e+02 7.027141451439891018e-15
1.140000000000000000e+02 1.041938212005503974e-15
1.150000000000000000e+02 9.951300575713251053e-16
1.160000000000000000e+02 9.492488275315980273e-16
1.170000000000000000e+02 9.043078657702422947e-16
1.180000000000000000e+02 8.603217266314905994e-16
1.190000000000000000e+02 8.173033505124918455e-16
1.200000000000000000e+02 7.752663118610348417e-16
1.210000000000000000e+02 7.342232340489489341e-16
1.220000000000000000e+02 6.941866251661286454e-16
1.230000000000000000e+02 6.551688203795669029e-16
1.240000000000000000e+02 7.073739879214707571e-15
1.250000000000000000e+02 6.171819819333549407e-16
1.260000000000000000e+02 5.802375803799766271e-16
1.270000000000000000e+02 5.443473168357850836e-16
1.280000000000000000e+02 5.095218548797227777e-16
1.290000000000000000e+02 4.757718292702485450e-16
1.300000000000000000e+02 4.431078747658212700e-16
1.310000000000000000e+02 4.115395309465217716e-16
1.320000000000000000e+02 3.810771731864563448e-16
1.330000000000000000e+02 3.517296493740987384e-16
1.340000000000000000e+02 3.235062397051773293e-16
1.350000000000000000e+02 7.119413140644573986e-15
1.360000000000000000e+02 2.964151291970425269e-16
1.370000000000000000e+02 2.704653386610699708e-16
1.380000000000000000e+02 2.456646208073556393e-16
1.390000000000000000e+02 2.220200078339048583e-16
1.400000000000000000e+02 1.995395406556498771e-16
1.410000000000000000e+02 1.782298191633415657e-16
1.420000000000000000e+02 1.580970974019272841e-16
1.430000000000000000e+02 1.391481193645760377e-16
1.440000000000000000e+02 1.213881015588245077e-16
1.450000000000000000e+02 1.048228945428492548e-16
1.460000000000000000e+02 7.164147517179281815e-15
1.470000000000000000e+02 8.945762836273610086e-17
1.480000000000000000e+02 7.529677019344741767e-17
1.490000000000000000e+02 6.234461428704382175e-17
1.500000000000000000e+02 5.060562781848769096e-17
1.510000000000000000e+02 4.008269283614184535e-17
1.520000000000000000e+02 3.077972892577973449e-17
1.530000000000000000e+02 2.269901290560797993e-17
1.540000000000000000e+02 1.584345564447304299e-17
1.550000000000000000e+02 1.021464226897447686e-17
1.560000000000000000e+02 5.814907238286164060e-18
1.570000000000000000e+02 7.207929837857813886e-15
1.580000000000000000e+02 2.645403371753239073e-18
1.590000000000000000e+02 7.068223609827776863e-19
1.600000000000000000e+02 0.000000000000000000e+00
1.610000000000000000e+02 5.251380321903034905e-19
1.620000000000000000e+02 2.282149996102803552e-18
1.630000000000000000e+02 5.269940713359626270e-18
1.640000000000000000e+02 9.488539004444400198e-18
1.650000000000000000e+02 1.493578333308500876e-17
1.660000000000000000e+02 2.161020385461640528e-17
1.670000000000000000e+02 2.951024426292267014e-17
1.680000000000000000e+02 7.250746470591415704e-15
1.690000000000000000e+02 3.863284958673921272e-17
1.700000000000000000e+02 4.897548362350673561e-17
1.710000000000000000e+02 6.053474555615711015e-17
1.720000000000000000e+02 7.330729220858946558e-17
1.730000000000000000e+02 8.728931927696487426e-17
1.740000000000000000e+02 1.024763595863209398e-16
1.750000000000000000e+02 1.188634271929900005e-16
1.760000000000000000e+02 1.364458819991078924e-16
1.770000000000000000e+02 1.552183345742361301e-16
1.780000000000000000e+02 1.751750784626163376e-16
1.790000000000000000e+02 7.292584503803418547e-15
1.800000000000000000e+02 1.963094273120467486e-16
1.810000000000000000e+02 2.186153864619326670e-16
1.820000000000000000e+02 2.420858660733015767e-16
1.830000000000000000e+02 2.667138339481482013e-16
1.840000000000000000e+02 2.924915950173437526e-16
1.850000000000000000e+02 3.194112812888577238e-16
1.860000000000000000e+02 3.474647077453397551e-16
1.870000000000000000e+02 3.766428247549304761e-16
1.880000000000000000e+02 4.069373320183450481e-16
1.890000000000000000e+02 4.383383441096989202e-16
1.900000000000000000e+02 7.333431227660545721e-15
1.910000000000000000e+02 4.708366384742310782e-16
1.920000000000000000e+02 5.044215227125154224e-16
1.930000000000000000e+02 5.390836589878563613e-16
1.940000000000000000e+02 5.748118073116390828e-16
1.950000000000000000e+02 6.115952464639535594e-16
1.960000000000000000e+02 6.494221888669960694e-16
1.970000000000000000e+02 6.882817691984387210e-16
1.980000000000000000e+02 7.281614505479031627e-16
1.990000000000000000e+02 7.690492147737165178e-16
2.000000000000000000e+02 8.109325826064676986e-16
2.010000000000000000e+02 7.373274249354834866e-15
2.020000000000000000e+02 8.537986136490075052e-16
2.030000000000000000e+02 8.976343386837035001e-16
2.040000000000000000e+02 9.424258662374466265e-16
2.050000000000000000e+02 9.881597947853496708e-16
2.060000000000000000e+02 1.034822319315755163e-15
2.070000000000000000e+02 1.082398481997659562e-15
2.080000000000000000e+02 1.130874074332634353e-15
2.090000000000000000e+02 1.180234484335479974e-15
2.100000000000000000e+02 1.230464062483586111e-15
2.110000000000000000e+02 1.281547735664015682e-15
2.120000000000000000e+02 7.412101752487999811e-15
2.130000000000000000e+02 1.333469796713190714e-15
2.140000000000000000e+02 1.386214336724148895e-15
2.150000000000000000e+02 1.439765014482672743e-15
2.160000000000000000e+02 1.494105604056479500e-15
2.170000000000000000e+02 1.549219476026515955e-15
2.180000000000000000e+02 1.605089597486957456e-15
2.190000000000000000e+02 1.661698964352463676e-15
2.200000000000000000e+02 1.719030284332857372e-15
2.210000000000000000e+02 1.777065976933125576e-15
2.220000000000000000e+02 1.835788231094385670e-15
2.230000000000000000e+02 6.108123697287241914e-15
2.240000000000000000e+02 7.449902180046103622e-15
2.250000000000000000e+02 1.895179293398723090e-15
2.260000000000000000e+02 1.955220315249844664e-15
2.270000000000000000e+02 2.015893831434671949e-15
2.280000000000000000e+02 2.077180589870140729e-15
2.290000000000000000e+02 2.139062058985278472e-15
2.300000000000000000e+02 2.201519534286210660e-15
2.310000000000000000e+02 2.264533619587455208e-15
2.320000000000000000e+02 2.328085091626431631e-15
2.330000000000000000e+02 2.392154698320077287e-15
2.340000000000000000e+02 2.456722957021458507e-15
2.350000000000000000e+02 7.486663571528442659e-15
2.360000000000000000e+02 2.521769578110101505e-15
2.370000000000000000e+02 2.587274963657138871e-15
2.380000000000000000e+02 2.653219400451768669e-15
2.390000000000000000e+02 2.719582483591582978e-15
2.400000000000000000e+02 2.786343865815139367e-15
2.410000000000000000e+02 2.853483055758578326e-15
2.420000000000000000e+02 2.920979965544811394e-15
2.430000000000000000e+02 2.988813873246109613e-15
2.440000000000000000e+02 3.056963826370874968e-15
2.450000000000000000e+02 3.125409218273313423e-15
2.460000000000000000e+02 7.522375090433172071e-15
2.470000000000000000e+02 3.194128981179892830e-15
2.480000000000000000e+02 3.263102220239982637e-15
2.490000000000000000e+02 3.332308271166821739e-15
2.500000000000000000e+02 3.401725403315753763e-15
2.510000000000000000e+02 3.471333038861468798e-15
2.520000000000000000e+02 3.541109216595441806e-15
2.530000000000000000e+02 3.611033358692362089e-15
2.540000000000000000e+02 3.681083936250959386e-15
2.550000000000000000e+02 3.751239708574800348e-15
2.560000000000000000e+02 3.821478973839711937e-15
2.570000000000000000e+02 7.557025957899415256e-15
2.580000000000000000e+02 3.891780433708293343e-15
2.590000000000000000e+02 3.962122876304593764e-15
2.600000000000000000e+02 4.032484657445409200e-15
2.610000000000000000e+02 4.102844536434304726e-15
2.620000000000000000e+02 4.173180926729043803e-15
2.630000000000000000e+02 4.243472472351257371e-15
2.640000000000000000e+02 4.313697788502092245e-15
2.650000000000000000e+02 4.383835663305599990e-15
2.660000000000000000e+02 4.453864279655672644e-15
2.670000000000000000e+02 4.523762857983614973e-15
2.680000000000000000e+02 7.590605625630162303e-15
2.690000000000000000e+02 4.593509927029122992e-15
2.700000000000000000e+02 4.663084274916247479e-15
2.710000000000000000e+02 4.732464718589520969e-15
2.720000000000000000e+02 4.801630276736862504e-15
2.730000000000000000e+02 4.870559420457000642e-15
2.740000000000000000e+02 4.939231975411397306e-15
2.750000000000000000e+02 5.007626585621682648e-15
2.760000000000000000e+02 5.075722788544481284e-15
2.770000000000000000e+02 5.143499401124326538e-15
2.780000000000000000e+02 5.210936393125096226e-15
2.790000000000000000e+02 7.623103804712760426e-15
2.800000000000000000e+02 5.278012696773258594e-15
2.810000000000000000e+02 5.344708541217044640e-15
2.820000000000000000e+02 5.411003060426306752e-15
2.830000000000000000e+02 5.476876829395080694e-15
2.840000000000000000e+02 5.542309068554669653e-15
2.850000000000000000e+02 5.607280698744911794e-15
2.860000000000000000e+02 5.671771343883882531e-15
2.870000000000000000e+02 5.735761895990935117e-15
2.880000000000000000e+02 5.799232670675752923e-15
2.890000000000000000e+02 5.862164559957689202e-15
2.900000000000000000e+02 7.654510897926160063e-15
2.910000000000000000e+02 5.924538599958517829e-15
2.920000000000000000e+02 7.684817423331246574e-15
2.930000000000000000e+02 7.714014302475679917e-15
2.940000000000000000e+02 7.742092370445664517e-15
2.950000000000000000e+02 6.168078171226028064e-15
2.960000000000000000e+02 7.769043211659979428e-15
2.970000000000000000e+02 7.794859102229016396e-15
2.980000000000000000e+02 7.819531799494452917e-15
2.990000000000000000e+02 7.843053983053450599e-15
3.000000000000000000e+02 7.865418390144134565e-15
3.010000000000000000e+02 7.886618507337204572e-15
3.020000000000000000e+02 7.906647734741911154e-15
3.030000000000000000e+02 7.925500394722976338e-15
3.040000000000000000e+02 7.943170233235455426e-15
3.050000000000000000e+02 7.959652177874227604e-15
3.060000000000000000e+02 6.227381763362553836e-15
3.070000000000000000e+02 7.974941357977562514e-15
3.080000000000000000e+02 7.989033018165659982e-15
3.090000000000000000e+02 8.001923094750327796e-15
3.100000000000000000e+02 8.013607207018056256e-15
3.110000000000000000e+02 8.024082415279513513e-15
3.120000000000000000e+02 8.033344857589894653e-15
3.130000000000000000e+02 8.041392458874377381e-15
3.140000000000000000e+02 8.048222567648467946e-15
3.150000000000000000e+02 8.053832647709609095e-15
3.160000000000000000e+02 8.058221776802321449e-15
3.170000000000000000e+02 6.286016633817453473e-15
3.180000000000000000e+02 8.061387822210819197e-15
3.190000000000000000e+02 8.063330380448330899e-15
3.200000000000000000e+02 8.064048644541313674e-15
3.210000000000000000e+02 8.063542499207834179e-15
3.220000000000000000e+02 8.061812002088860662e-15
3.230000000000000000e+02 8.058857671953096332e-15
3.240000000000000000e+02 8.054680373415050740e-15
3.250000000000000000e+02 8.049281374576003300e-15
3.260000000000000000e+02 8.042662375844488994e-15
3.270000000000000000e+02 8.034825135270009471e-15
3.280000000000000000e+02 6.343965173275229488e-15
3.290000000000000000e+02 8.025772448439474377e-15
3.300000000000000000e+02 8.015506736273510773e-15
3.310000000000000000e+02 8.004030967281931474e-15
3.320000000000000000e+02 7.991348801666157256e-15
3.330000000000000000e+02 7.977464130191477159e-15
3.340000000000000000e+02 7.962380930084634177e-15
3.350000000000000000e+02 7.946103812623007856e-15
3.360000000000000000e+02 7.928637850211714276e-15
3.370000000000000000e+02 7.909988230537809173e-15
3.380000000000000000e+02 7.890160544775116567e-15
3.390000000000000000e+02 6.401209513036033576e-15
3.400000000000000000e+02 7.869160557020362074e-15
3.410000000000000000e+02 7.846995126548647552e-15
3.420000000000000000e+02 7.823670219200084336e-15
3.430000000000000000e+02 7.799193414761867943e-15
3.440000000000000000e+02 7.773572004816355795e-15
3.450000000000000000e+02 7.746813569150741833e-15
3.460000000000000000e+02 7.718926638628180346e-15
3.470000000000000000e+02 7.689918994779250994e-15
3.480000000000000000e+02 7.659799687235811273e-15
3.490000000000000000e+02 7.628577909732142461e-15
3.500000000000000000e+02 6.457732504912105572e-15
3.510000000000000000e+02 7.596262856002517945e-15
3.520000000000000000e+02 7.562864814959595246e-15
3.530000000000000000e+02 7.528392951517168360e-15
3.540000000000000000e+02 7.492858419202401204e-15
3.550000000000000000e+02 7.456271852773749752e-15
3.560000000000000000e+02 7.418644146374030262e-15
3.570000000000000000e+02 7.379986597632820965e-15
3.580000000000000000e+02 7.340311426435182626e-15
3.590000000000000000e+02 7.299629872769729958e-15
3.600000000000000000e+02 7.257954646469741232e-15
