0.000000000000000000e+00 9.985136990054669370e-01
1.000000000000000000e+00 9.985136927920293948e-01
2.000000000000000000e+00 9.985136437550942157e-01
3.000000000000000000e+00 9.985242077480744882e-01
4.000000000000000000e+00 9.985252578984895599e-01
5.000000000000000000e+00 9.985263047355246169e-01
6.000000000000000000e+00 9.985273479377159145e-01
7.000000000000000000e+00 9.985283871844936598e-01
8.000000000000000000e+00 9.985294221562863726e-01
9.000000000000000000e+00 9.985304525346213600e-01
1.000000000000000000e+01 9.985314780022221948e-01
1.100000000000000000e+01 9.985324982431157403e-01
1.200000000000000000e+01 9.985335129427267420e-01
1.300000000000000000e+01 9.985136391932740718e-01
1.400000000000000000e+01 9.985345217879829649e-01
1.500000000000000000e+01 9.985355244674105624e-01
1.600000000000000000e+01 9.985365206712394359e-01
1.700000000000000000e+01 9.985375100914981594e-01
1.800000000000000000e+01 9.985384924221172298e-01
1.900000000000000000e+01 9.985394673590235470e-01
2.000000000000000000e+01 9.985404346002442200e-01
2.100000000000000000e+01 9.985413938460016015e-01
2.200000000000000000e+01 9.985423447988082124e-01
2.300000000000000000e+01 9.985432871635709917e-01
2.400000000000000000e+01 9.985136348308349952e-01
2.500000000000000000e+01 9.985442206476802252e-01
2.600000000000000000e+01 9.985451449611107977e-01
2.700000000000000000e+01 9.985460598165146751e-01
2.800000000000000000e+01 9.985469649293159389e-01
2.900000000000000000e+01 9.985478600178069319e-01
3.000000000000000000e+01 9.985487448032364100e-01
3.100000000000000000e+01 9.985496190099081293e-01
3.200000000000000000e+01 9.985504823652665563e-01
3.300000000000000000e+01 9.985513345999913470e-01
3.400000000000000000e+01 9.985521754480857215e-01
3.500000000000000000e+01 9.985136306730921785e-01
3.600000000000000000e+01 9.985530046469663912e-01
3.700000000000000000e+01 9.985538219375491575e-01
3.800000000000000000e+01 9.985546270643353983e-01
3.900000000000000000e+01 9.985554197755048822e-01
4.000000000000000000e+01 9.985561998229904868e-01
4.100000000000000000e+01 9.985569669625663503e-01
4.200000000000000000e+01 9.985577209539333587e-01
4.300000000000000000e+01 9.985584615607957515e-01
4.400000000000000000e+01 9.985591885509428334e-01
4.500000000000000000e+01 9.985599016963281338e-01
4.600000000000000000e+01 9.985136267251107922e-01
4.700000000000000000e+01 9.985606007731474554e-01
4.800000000000000000e+01 9.985612855619109274e-01
4.900000000000000000e+01 9.985619558475253843e-01
5.000000000000000000e+01 9.985626114193620895e-01
5.100000000000000000e+01 9.985632520713271232e-01
5.200000000000000000e+01 9.985638776019408747e-01
5.300000000000000000e+01 9.985644878143959957e-01
5.400000000000000000e+01 9.985650825166317857e-01
5.500000000000000000e+01 9.985654559597222368e-01
5.600000000000000000e+01 9.985395293876824230e-01
5.700000000000000000e+01 9.985136229917008777e-01
5.800000000000000000e+01 9.985139066789376905e-01
5.900000000000000000e+01 9.985139003389912338e-01
6.000000000000000000e+01 9.985138938802599062e-01
6.100000000000000000e+01 9.985138873106127466e-01
6.200000000000000000e+01 9.985138806380541299e-01
6.300000000000000000e+01 9.985138738707125539e-01
6.400000000000000000e+01 9.985138670168342001e-01
6.500000000000000000e+01 9.985138600847689450e-01
6.600000000000000000e+01 9.985138530829622550e-01
6.700000000000000000e+01 9.985138460199449728e-01
6.800000000000000000e+01 9.985136194774111296e-01
6.900000000000000000e+01 9.985138389043222151e-01
7.000000000000000000e+01 9.985138317447636025e-01
7.100000000000000000e+01 9.985138245499907139e-01
7.200000000000000000e+01 9.985138173287716468e-01
7.300000000000000000e+01 9.985138100899019209e-01
7.400000000000000000e+01 9.985138028422020362e-01
7.500000000000000000e+01 9.985137955945028176e-01
7.600000000000000000e+01 9.985137883556332028e-01
7.700000000000000000e+01 9.985137811344135805e-01
7.800000000000000000e+01 9.985137739396414691e-01
7.900000000000000000e+01 9.985136161865231230e-01
8.000000000000000000e+01 9.985137667800824124e-01
8.100000000000000000e+01 9.985137596644598768e-01
8.200000000000000000e+01 9.985137526014427056e-01
8.300000000000000000e+01 9.985137455996359046e-01
8.400000000000000000e+01 9.985137386675705384e-01
8.500000000000000000e+01 9.985137318136921847e-01
8.600000000000000000e+01 9.985137250463509417e-01
8.700000000000000000e+01 9.985137183737921029e-01
8.800000000000000000e+01 9.985137118041447213e-01
8.900000000000000000e+01 9.985137053454133937e-01
9.000000000000000000e+01 9.985136131230463175e-01
9.100000000000000000e+01 9.985136990054669370e-01
9.200000000000000000e+01 9.985136927920292838e-01
9.300000000000000000e+01 9.985136867126711557e-01
9.400000000000000000e+01 9.985136807747991838e-01
9.500000000000000000e+01 9.985136749856470262e-01
9.600000000000000000e+01 9.985136693522685958e-01
9.700000000000000000e+01 9.985136638815266252e-01
9.800000000000000000e+01 9.985136585800873377e-01
9.900000000000000000e+01 9.985136534544092335e-01
1.000000000000000000e+02 9.985136485107366511e-01
1.010000000000000000e+02 9.985136102907131717e-01
1.020000000000000000e+02 9.985136437550942157e-01
1.030000000000000000e+02 9.985136391932741828e-01
1.040000000000000000e+02 9.985136348308349952e-01
1.050000000000000000e+02 9.985136306730920674e-01
1.060000000000000000e+02 9.985136267251106812e-01
1.070000000000000000e+02 9.985136229917007666e-01
1.080000000000000000e+02 9.985136194774111296e-01
1.090000000000000000e+02 9.985136161865232340e-01
1.100000000000000000e+02 9.985136131230463175e-01
1.110000000000000000e+02 9.985136102907130606e-01
1.120000000000000000e+02 9.985136867126711557e-01
1.130000000000000000e+02 9.985136076929741478e-01
1.140000000000000000e+02 9.985136076929740367e-01
1.150000000000000000e+02 9.985136053329948247e-01
1.160000000000000000e+02 9.985136032136493478e-01
1.170000000000000000e+02 9.985136013375212061e-01
1.180000000000000000e+02 9.985135997068952385e-01
1.190000000000000000e+02 9.985135983237583002e-01
1.200000000000000000e+02 9.985135971897950435e-01
1.210000000000000000e+02 9.985135963063885844e-01
1.220000000000000000e+02 9.985135956746138408e-01
1.230000000000000000e+02 9.985135952952405303e-01
1.240000000000000000e+02 9.985136053329947137e-01
1.250000000000000000e+02 9.985135951687312827e-01
1.260000000000000000e+02 9.985135952952405303e-01
1.270000000000000000e+02 9.985135956746138408e-01
1.280000000000000000e+02 9.985135963063885844e-01
1.290000000000000000e+02 9.985135971897951546e-01
1.300000000000000000e+02 9.985135983237583002e-01
1.310000000000000000e+02 9.985135997068953495e-01
1.320000000000000000e+02 9.985136013375214281e-01
1.330000000000000000e+02 9.985136032136494588e-01
1.340000000000000000e+02 9.985136053329948247e-01
1.350000000000000000e+02 9.985136032136492368e-01
1.360000000000000000e+02 9.985136076929740367e-01
1.370000000000000000e+02 9.985136102907131717e-01
1.380000000000000000e+02 9.985136131230463175e-01
1.390000000000000000e+02 9.985136161865231230e-01
1.400000000000000000e+02 9.985136194774111296e-01
1.410000000000000000e+02 9.985136229917008777e-01
1.420000000000000000e+02 9.985136267251106812e-01
1.430000000000000000e+02 9.985136306730921785e-01
1.440000000000000000e+02 9.985136348308351062e-01
1.450000000000000000e+02 9.985136391932741828e-01
1.460000000000000000e+02 9.985136013375213171e-01
1.470000000000000000e+02 9.985136437550942157e-01
1.480000000000000000e+02 9.985136485107369841e-01
1.490000000000000000e+02 9.985136534544094555e-01
1.500000000000000000e+02 9.985136585800876707e-01
1.510000000000000000e+02 9.985136638815266252e-01
1.520000000000000000e+02 9.985136693522685958e-01
1.530000000000000000e+02 9.985136749856468041e-01
1.540000000000000000e+02 9.985136807747991838e-01
1.550000000000000000e+02 9.985136867126711557e-01
1.560000000000000000e+02 9.985136927920292838e-01
1.570000000000000000e+02 9.985135997068953495e-01
1.580000000000000000e+02 9.985136990054670481e-01
1.590000000000000000e+02 9.985137053454135048e-01
1.600000000000000000e+02 9.985137118041447213e-01
1.610000000000000000e+02 9.985137183737922140e-01
1.620000000000000000e+02 9.985137250463510528e-01
1.630000000000000000e+02 9.985137318136920737e-01
1.640000000000000000e+02 9.985137386675705384e-01
1.650000000000000000e+02 9.985137455996359046e-01
1.660000000000000000e+02 9.985137526014425946e-01
1.670000000000000000e+02 9.985137596644598768e-01
1.680000000000000000e+02 9.985135983237583002e-01
1.690000000000000000e+02 9.985137667800825234e-01
1.700000000000000000e+02 9.985137739396415801e-01
1.710000000000000000e+02 9.985137811344139136e-01
1.720000000000000000e+02 9.985137883556333138e-01
1.730000000000000000e+02 9.985137955945030397e-01
1.740000000000000000e+02 9.985138028422021472e-01
1.750000000000000000e+02 9.985138100899021429e-01
1.760000000000000000e+02 9.985138173287715357e-01
1.770000000000000000e+02 9.985138245499908249e-01
1.780000000000000000e+02 9.985138317447634915e-01
1.790000000000000000e+02 9.985135971897949325e-01
1.800000000000000000e+02 9.985138389043223262e-01
1.810000000000000000e+02 9.985138460199448618e-01
1.820000000000000000e+02 9.985138530829623660e-01
1.830000000000000000e+02 9.985138600847687229e-01
1.840000000000000000e+02 9.985138670168342001e-01
1.850000000000000000e+02 9.985138738707123318e-01
1.860000000000000000e+02 9.985138806380542409e-01
1.870000000000000000e+02 9.985138873106127466e-01
1.880000000000000000e+02 9.985138938802597952e-01
1.890000000000000000e+02 9.985139003389913448e-01
1.900000000000000000e+02 9.985135963063885844e-01
1.910000000000000000e+02 9.985135951687320599e-01
1.920000000000000000e+02 9.985125299430305246e-01
1.930000000000000000e+02 9.985114652947105762e-01
1.940000000000000000e+02 9.985104015477265227e-01
1.950000000000000000e+02 9.985093390255286305e-01
1.960000000000000000e+02 9.985082780509646483e-01
1.970000000000000000e+02 9.985072189461822179e-01
1.980000000000000000e+02 9.985061620325291765e-01
1.990000000000000000e+02 9.985051076304636286e-01
2.000000000000000000e+02 9.985040560594521386e-01
2.010000000000000000e+02 9.985135956746138408e-01
2.020000000000000000e+02 9.985030076378750286e-01
2.030000000000000000e+02 9.985019626829376715e-01
2.040000000000000000e+02 9.985009215105693503e-01
2.050000000000000000e+02 9.984998844353316638e-01
2.060000000000000000e+02 9.984988517703299316e-01
2.070000000000000000e+02 9.984978238271161599e-01
2.080000000000000000e+02 9.984968009156018898e-01
2.090000000000000000e+02 9.984957833439630503e-01
2.100000000000000000e+02 9.984947714185556933e-01
2.110000000000000000e+02 9.984937654438217347e-01
2.120000000000000000e+02 9.985135952952404192e-01
2.130000000000000000e+02 9.984927657222064656e-01
2.140000000000000000e+02 9.984917725540642941e-01
2.150000000000000000e+02 9.984907862375802523e-01
2.160000000000000000e+02 9.984898070686781812e-01
2.170000000000000000e+02 9.984888353409380191e-01
2.180000000000000000e+02 9.984878713455138666e-01
2.190000000000000000e+02 9.984869153710493883e-01
2.200000000000000000e+02 9.984859677035973213e-01
2.210000000000000000e+02 9.984850286265349872e-01
2.220000000000000000e+02 9.984840984204889081e-01
2.230000000000000000e+02 9.985136807747991838e-01
2.240000000000000000e+02 9.985135951687311717e-01
2.250000000000000000e+02 9.984831773632549812e-01
2.260000000000000000e+02 9.984822657297169890e-01
2.270000000000000000e+02 9.984813637917759888e-01
2.280000000000000000e+02 9.984804718182687111e-01
2.290000000000000000e+02 9.984795900748963948e-01
2.300000000000000000e+02 9.984787188241486255e-01
2.310000000000000000e+02 9.984778583252342798e-01
2.320000000000000000e+02 9.984770088340060301e-01
2.330000000000000000e+02 9.984761706028950634e-01
2.340000000000000000e+02 9.984753438808345871e-01
2.350000000000000000e+02 9.985135952952406413e-01
2.360000000000000000e+02 9.984745289131997659e-01
2.370000000000000000e+02 9.984737259417348909e-01
2.380000000000000000e+02 9.984729352044922068e-01
2.390000000000000000e+02 9.984721569357628557e-01
2.400000000000000000e+02 9.984713913660168139e-01
2.410000000000000000e+02 9.984706387218396095e-01
2.420000000000000000e+02 9.984698992258715933e-01
2.430000000000000000e+02 9.984691730967479861e-01
2.440000000000000000e+02 9.984684605490408149e-01
2.450000000000000000e+02 9.984677617931999594e-01
2.460000000000000000e+02 9.985135956746138408e-01
2.470000000000000000e+02 9.984670770354987512e-01
2.480000000000000000e+02 9.984664064779799064e-01
2.490000000000000000e+02 9.984657503183992366e-01
2.500000000000000000e+02 9.984651087501772437e-01
2.510000000000000000e+02 9.984644819623420542e-01
2.520000000000000000e+02 9.984638701394857874e-01
2.530000000000000000e+02 9.984632734617135963e-01
2.540000000000000000e+02 9.984626921045951509e-01
2.550000000000000000e+02 9.984621262391202290e-01
2.560000000000000000e+02 9.984876612027990817e-01
2.570000000000000000e+02 9.985135963063884734e-01
2.580000000000000000e+02 9.985135951687313938e-01
2.590000000000000000e+02 9.985139003389913448e-01
2.600000000000000000e+02 9.985138938802597952e-01
2.610000000000000000e+02 9.985138873106126356e-01
2.620000000000000000e+02 9.985138806380541299e-01
2.630000000000000000e+02 9.985138738707123318e-01
2.640000000000000000e+02 9.985138670168342001e-01
2.650000000000000000e+02 9.985138600847687229e-01
2.660000000000000000e+02 9.985138530829623660e-01
2.670000000000000000e+02 9.985138460199447508e-01
2.680000000000000000e+02 9.985135971897949325e-01
2.690000000000000000e+02 9.985138389043223262e-01
2.700000000000000000e+02 9.985138317447634915e-01
2.710000000000000000e+02 9.985138245499908249e-01
2.720000000000000000e+02 9.985138173287716468e-01
2.730000000000000000e+02 9.985138100899019209e-01
2.740000000000000000e+02 9.985138028422021472e-01
2.750000000000000000e+02 9.985137955945030397e-01
2.760000000000000000e+02 9.985137883556333138e-01
2.770000000000000000e+02 9.985137811344136916e-01
2.780000000000000000e+02 9.985137739396415801e-01
2.790000000000000000e+02 9.985135983237584112e-01
2.800000000000000000e+02 9.985137667800826344e-01
2.810000000000000000e+02 9.985137596644598768e-01
2.820000000000000000e+02 9.985137526014425946e-01
2.830000000000000000e+02 9.985137455996357936e-01
2.840000000000000000e+02 9.985137386675704274e-01
2.850000000000000000e+02 9.985137318136920737e-01
2.860000000000000000e+02 9.985137250463508307e-01
2.870000000000000000e+02 9.985137183737919919e-01
2.880000000000000000e+02 9.985137118041446103e-01
2.890000000000000000e+02 9.985137053454133937e-01
2.900000000000000000e+02 9.985135997068953495e-01
2.910000000000000000e+02 9.985136990054669370e-01
2.920000000000000000e+02 9.985136013375213171e-01
2.930000000000000000e+02 9.985136032136495698e-01
2.940000000000000000e+02 9.985136053329946026e-01
2.950000000000000000e+02 9.985136749856466931e-01
2.960000000000000000e+02 9.985136076929741478e-01
2.970000000000000000e+02 9.985136102907130606e-01
2.980000000000000000e+02 9.985136131230462064e-01
2.990000000000000000e+02 9.985136161865232340e-01
3.000000000000000000e+02 9.985136194774111296e-01
3.010000000000000000e+02 9.985136229917007666e-01
3.020000000000000000e+02 9.985136267251107922e-01
3.030000000000000000e+02 9.985136306730921785e-01
3.040000000000000000e+02 9.985136348308352172e-01
3.050000000000000000e+02 9.985136391932742939e-01
3.060000000000000000e+02 9.985136693522684848e-01
3.070000000000000000e+02 9.985136437550943267e-01
3.080000000000000000e+02 9.985136485107368731e-01
3.090000000000000000e+02 9.985136534544093445e-01
3.100000000000000000e+02 9.985136585800872266e-01
3.110000000000000000e+02 9.985136638815264032e-01
3.120000000000000000e+02 9.985136693522684848e-01
3.130000000000000000e+02 9.985136749856468041e-01
3.140000000000000000e+02 9.985136807747989618e-01
3.150000000000000000e+02 9.985136867126710447e-01
3.160000000000000000e+02 9.985136927920293948e-01
3.170000000000000000e+02 9.985136638815265142e-01
3.180000000000000000e+02 9.985136990054669370e-01
3.190000000000000000e+02 9.985137053454133937e-01
3.200000000000000000e+02 9.985137118041444992e-01
3.210000000000000000e+02 9.985137183737919919e-01
3.220000000000000000e+02 9.985137250463509417e-01
3.230000000000000000e+02 9.985137318136920737e-01
3.240000000000000000e+02 9.985137386675704274e-01
3.250000000000000000e+02 9.985137455996357936e-01
3.260000000000000000e+02 9.985137526014427056e-01
3.270000000000000000e+02 9.985137596644597657e-01
3.280000000000000000e+02 9.985136585800873377e-01
3.290000000000000000e+02 9.985137667800825234e-01
3.300000000000000000e+02 9.985137739396415801e-01
3.310000000000000000e+02 9.985137811344135805e-01
3.320000000000000000e+02 9.985137883556333138e-01
3.330000000000000000e+02 9.985137955945028176e-01
3.340000000000000000e+02 9.985138028422021472e-01
3.350000000000000000e+02 9.985138100899020319e-01
3.360000000000000000e+02 9.985138173287715357e-01
3.370000000000000000e+02 9.985138245499909360e-01
3.380000000000000000e+02 9.985138317447636025e-01
3.390000000000000000e+02 9.985136534544092335e-01
3.400000000000000000e+02 9.985138389043223262e-01
3.410000000000000000e+02 9.985138460199448618e-01
3.420000000000000000e+02 9.985138530829622550e-01
3.430000000000000000e+02 9.985138600847687229e-01
3.440000000000000000e+02 9.985138670168343111e-01
3.450000000000000000e+02 9.985138738707124428e-01
3.460000000000000000e+02 9.985138806380541299e-01
3.470000000000000000e+02 9.985138873106127466e-01
3.480000000000000000e+02 9.985138938802596842e-01
3.490000000000000000e+02 9.985139003389913448e-01
3.500000000000000000e+02 9.985136485107369841e-01
3.510000000000000000e+02 9.985139066789375795e-01
3.520000000000000000e+02 9.985146606474513131e-01
3.530000000000000000e+02 9.985157260545175495e-01
3.540000000000000000e+02 9.985167910650518674e-01
3.550000000000000000e+02 9.985178553540634550e-01
3.560000000000000000e+02 9.985189185965522851e-01
3.570000000000000000e+02 9.985199804676094804e-01
3.580000000000000000e+02 9.985210406425136798e-01
3.590000000000000000e+02 9.985220987968360662e-01
3.600000000000000000e+02 9.985231546065383990e-01
