0.000000000000000000e+00 9.992566937476302646e-01
1.000000000000000000e+00 9.992790465087576512e-01
2.000000000000000000e+00 9.994689424087326302e-01
3.000000000000000000e+00 9.996521728913239091e-01
4.000000000000000000e+00 9.996353222446948683e-01
5.000000000000000000e+00 9.996181299459824254e-01
6.000000000000000000e+00 9.996006012387008699e-01
7.000000000000000000e+00 9.995827414688625012e-01
8.000000000000000000e+00 9.995645560833416043e-01
9.000000000000000000e+00 9.995460506282043411e-01
1.000000000000000000e+01 9.995272307470139950e-01
1.100000000000000000e+01 9.995081021791040188e-01
1.200000000000000000e+01 9.994886707578187757e-01
1.300000000000000000e+01 9.994886707578187757e-01
1.400000000000000000e+01 9.994689424087325191e-01
1.500000000000000000e+01 9.994489231478328461e-01
1.600000000000000000e+01 9.994286190796815017e-01
1.700000000000000000e+01 9.994080363955498703e-01
1.800000000000000000e+01 9.993871813715194952e-01
1.900000000000000000e+01 9.993660603665676101e-01
2.000000000000000000e+01 9.993446798206179205e-01
2.100000000000000000e+01 9.993230462525779512e-01
2.200000000000000000e+01 9.993011662583375365e-01
2.300000000000000000e+01 9.992790465087576512e-01
2.400000000000000000e+01 9.995081021791044629e-01
2.500000000000000000e+01 9.992566937476299316e-01
2.600000000000000000e+01 9.992341147896161013e-01
2.700000000000000000e+01 9.992113165181613077e-01
2.800000000000000000e+01 9.991883058833961329e-01
2.900000000000000000e+01 9.991650899000076302e-01
3.000000000000000000e+01 9.991416756450992587e-01
3.100000000000000000e+01 9.991180702560279459e-01
3.200000000000000000e+01 9.990942809282216119e-01
3.300000000000000000e+01 9.990703149129850358e-01
3.400000000000000000e+01 9.990461795152809632e-01
3.500000000000000000e+01 9.995272307470139950e-01
3.600000000000000000e+01 9.990218820915039988e-01
3.700000000000000000e+01 9.989974300472290736e-01
3.800000000000000000e+01 9.989728308349544728e-01
3.900000000000000000e+01 9.989480919518243240e-01
4.000000000000000000e+01 9.989232209373430926e-01
4.100000000000000000e+01 9.988982253710668724e-01
4.200000000000000000e+01 9.988731128703006723e-01
4.300000000000000000e+01 9.988478910877662820e-01
4.400000000000000000e+01 9.988225677092705812e-01
4.500000000000000000e+01 9.987971504513573073e-01
4.600000000000000000e+01 9.995460506282045632e-01
4.700000000000000000e+01 9.987716470589600437e-01
4.800000000000000000e+01 9.987460653030306723e-01
4.900000000000000000e+01 9.987204129781777073e-01
5.000000000000000000e+01 9.986946979002829794e-01
5.100000000000000000e+01 9.986689279041235379e-01
5.200000000000000000e+01 9.986431108409797863e-01
5.300000000000000000e+01 9.986172545762431740e-01
5.400000000000000000e+01 9.985913669870177811e-01
5.500000000000000000e+01 9.985656615214009157e-01
5.600000000000000000e+01 9.985662246463287151e-01
5.700000000000000000e+01 9.995645560833420484e-01
5.800000000000000000e+01 9.985667717139812272e-01
5.900000000000000000e+01 9.985673025519226087e-01
6.000000000000000000e+01 9.985678169927775238e-01
6.100000000000000000e+01 9.985683148742875437e-01
6.200000000000000000e+01 9.985687960393667684e-01
6.300000000000000000e+01 9.985692603361585595e-01
6.400000000000000000e+01 9.985697076180850562e-01
6.500000000000000000e+01 9.985701377439025750e-01
6.600000000000000000e+01 9.985705505777450197e-01
6.700000000000000000e+01 9.985709459891768391e-01
6.800000000000000000e+01 9.995827414688628343e-01
6.900000000000000000e+01 9.985713238532345493e-01
7.000000000000000000e+01 9.985716840504715863e-01
7.100000000000000000e+01 9.985720264669990520e-01
7.200000000000000000e+01 9.985723509945287901e-01
7.300000000000000000e+01 9.985726575304068042e-01
7.400000000000000000e+01 9.985729459776525596e-01
7.500000000000000000e+01 9.985732162449904026e-01
7.600000000000000000e+01 9.985734682468830892e-01
7.700000000000000000e+01 9.985737019035603179e-01
7.800000000000000000e+01 9.985739171410509263e-01
7.900000000000000000e+01 9.996006012387008699e-01
8.000000000000000000e+01 9.985741138912023196e-01
8.100000000000000000e+01 9.985742920917094478e-01
8.200000000000000000e+01 9.985744516861339015e-01
8.300000000000000000e+01 9.985745926239244508e-01
8.400000000000000000e+01 9.985747148604368073e-01
8.500000000000000000e+01 9.985748183569461700e-01
8.600000000000000000e+01 9.985749030806627680e-01
8.700000000000000000e+01 9.985749690047421856e-01
8.800000000000000000e+01 9.985750161082980192e-01
8.900000000000000000e+01 9.985750443764023210e-01
9.000000000000000000e+01 9.996181299459825365e-01
9.100000000000000000e+01 9.985750538000993659e-01
9.200000000000000000e+01 9.985750443764023210e-01
9.300000000000000000e+01 9.985750161082983523e-01
9.400000000000000000e+01 9.985749690047425187e-01
9.500000000000000000e+01 9.985749030806627680e-01
9.600000000000000000e+01 9.985748183569462810e-01
9.700000000000000000e+01 9.985747148604369183e-01
9.800000000000000000e+01 9.985745926239245618e-01
9.900000000000000000e+01 9.985744516861327913e-01
1.000000000000000000e+02 9.985742920917091148e-01
1.010000000000000000e+02 9.996353222446947573e-01
1.020000000000000000e+02 9.985741138912028747e-01
1.030000000000000000e+02 9.985739171410510373e-01
1.040000000000000000e+02 9.985737019035603179e-01
1.050000000000000000e+02 9.985734682468829781e-01
1.060000000000000000e+02 9.985732162449902916e-01
1.070000000000000000e+02 9.985729459776526706e-01
1.080000000000000000e+02 9.985726575304073593e-01
1.090000000000000000e+02 9.985723509945286791e-01
1.100000000000000000e+02 9.985720264669993851e-01
1.110000000000000000e+02 9.985716840504711422e-01
1.120000000000000000e+02 9.993011662583376475e-01
1.130000000000000000e+02 9.996521728913239091e-01
1.140000000000000000e+02 9.985713238532352154e-01
1.150000000000000000e+02 9.985709459891772832e-01
1.160000000000000000e+02 9.985705505777449087e-01
1.170000000000000000e+02 9.985701377439019089e-01
1.180000000000000000e+02 9.985697076180852783e-01
1.190000000000000000e+02 9.985692603361586706e-01
1.200000000000000000e+02 9.985687960393658802e-01
1.210000000000000000e+02 9.985683148742877657e-01
1.220000000000000000e+02 9.985678169927778569e-01
1.230000000000000000e+02 9.985673025519230528e-01
1.240000000000000000e+02 9.996686767464573187e-01
1.250000000000000000e+02 9.985667717139815602e-01
1.260000000000000000e+02 9.985662246463290481e-01
1.270000000000000000e+02 9.985656615214013598e-01
1.280000000000000000e+02 9.985650825166318967e-01
1.290000000000000000e+02 9.985644878143959957e-01
1.300000000000000000e+02 9.985638776019407636e-01
1.310000000000000000e+02 9.985632520713275673e-01
1.320000000000000000e+02 9.985626114193618674e-01
1.330000000000000000e+02 9.985619558475254953e-01
1.340000000000000000e+02 9.985612855619112604e-01
1.350000000000000000e+02 9.996848287763576701e-01
1.360000000000000000e+02 9.985606007731471223e-01
1.370000000000000000e+02 9.985599016963282448e-01
1.380000000000000000e+02 9.985591885509427224e-01
1.390000000000000000e+02 9.985584615607949743e-01
1.400000000000000000e+02 9.985577209539332477e-01
1.410000000000000000e+02 9.985569669625667943e-01
1.420000000000000000e+02 9.985561998229903757e-01
1.430000000000000000e+02 9.985554197755049932e-01
1.440000000000000000e+02 9.985546270643358424e-01
1.450000000000000000e+02 9.985538219375488245e-01
1.460000000000000000e+02 9.997006240545094347e-01
1.470000000000000000e+02 9.985530046469661691e-01
1.480000000000000000e+02 9.985521754480861656e-01
1.490000000000000000e+02 9.985513345999915691e-01
1.500000000000000000e+02 9.985504823652668893e-01
1.510000000000000000e+02 9.985496190099085734e-01
1.520000000000000000e+02 9.985487448032367430e-01
1.530000000000000000e+02 9.985478600178068209e-01
1.540000000000000000e+02 9.985469649293163830e-01
1.550000000000000000e+02 9.985460598165145640e-01
1.560000000000000000e+02 9.985451449611105756e-01
1.570000000000000000e+02 9.997160577631170053e-01
1.580000000000000000e+02 9.985442206476804472e-01
1.590000000000000000e+02 9.985432871635706586e-01
1.600000000000000000e+02 9.985423447988089896e-01
1.610000000000000000e+02 9.985413938460020455e-01
1.620000000000000000e+02 9.985404346002445530e-01
1.630000000000000000e+02 9.985394673590239911e-01
1.640000000000000000e+02 9.985384924221172298e-01
1.650000000000000000e+02 9.985375100914981594e-01
1.660000000000000000e+02 9.985365206712397690e-01
1.670000000000000000e+02 9.985355244674102293e-01
1.680000000000000000e+02 9.997311251945916188e-01
1.690000000000000000e+02 9.985345217879827429e-01
1.700000000000000000e+02 9.985335129427267420e-01
1.710000000000000000e+02 9.985324982431159624e-01
1.720000000000000000e+02 9.985314780022223058e-01
1.730000000000000000e+02 9.985304525346211379e-01
1.740000000000000000e+02 9.985294221562871497e-01
1.750000000000000000e+02 9.985283871844939929e-01
1.760000000000000000e+02 9.985273479377159145e-01
1.770000000000000000e+02 9.985263047355247279e-01
1.780000000000000000e+02 9.985252578984896710e-01
1.790000000000000000e+02 9.997458217529818780e-01
1.800000000000000000e+02 9.985242077480744882e-01
1.810000000000000000e+02 9.985231546065382879e-01
1.820000000000000000e+02 9.985220987968361772e-01
1.830000000000000000e+02 9.985210406425143459e-01
1.840000000000000000e+02 9.985199804676091473e-01
1.850000000000000000e+02 9.985189185965523961e-01
1.860000000000000000e+02 9.985178553540631219e-01
1.870000000000000000e+02 9.985167910650522005e-01
1.880000000000000000e+02 9.985157260545178826e-01
1.890000000000000000e+02 9.985146606474516462e-01
1.900000000000000000e+02 9.997601429553937269e-01
1.910000000000000000e+02 9.985139066789379125e-01
1.920000000000000000e+02 9.985139128923753438e-01
1.930000000000000000e+02 9.985139189717335828e-01
1.940000000000000000e+02 9.985139249096062208e-01
1.950000000000000000e+02 9.985139306987579344e-01
1.960000000000000000e+02 9.985139363321364758e-01
1.970000000000000000e+02 9.985139418028782243e-01
1.980000000000000000e+02 9.985139471043172898e-01
1.990000000000000000e+02 9.985139522299953940e-01
2.000000000000000000e+02 9.985139571736677544e-01
2.010000000000000000e+02 9.997740844333519172e-01
2.020000000000000000e+02 9.985139619293106339e-01
2.030000000000000000e+02 9.985139664911311108e-01
2.040000000000000000e+02 9.985139708535699654e-01
2.050000000000000000e+02 9.985139750113130042e-01
2.060000000000000000e+02 9.985139789592939463e-01
2.070000000000000000e+02 9.985139826927041939e-01
2.080000000000000000e+02 9.985139862069939420e-01
2.090000000000000000e+02 9.985139894978816155e-01
2.100000000000000000e+02 9.985139925613584211e-01
2.110000000000000000e+02 9.985139953936913448e-01
2.120000000000000000e+02 9.997876419341433785e-01
2.130000000000000000e+02 9.985139979914305908e-01
2.140000000000000000e+02 9.985140003514102469e-01
2.150000000000000000e+02 9.985140024707553907e-01
2.160000000000000000e+02 9.985140043468839766e-01
2.170000000000000000e+02 9.985140059775099441e-01
2.180000000000000000e+02 9.985140073606467714e-01
2.190000000000000000e+02 9.985140084946093619e-01
2.200000000000000000e+02 9.985140093780164872e-01
2.210000000000000000e+02 9.985140100097911198e-01
2.220000000000000000e+02 9.985140103891645413e-01
2.230000000000000000e+02 9.993230462525783953e-01
2.240000000000000000e+02 9.998008113221208415e-01
2.250000000000000000e+02 9.985140105156731227e-01
2.260000000000000000e+02 9.985140103891645413e-01
2.270000000000000000e+02 9.985140100097912308e-01
2.280000000000000000e+02 9.985140093780162651e-01
2.290000000000000000e+02 9.985140084946094730e-01
2.300000000000000000e+02 9.985140073606466604e-01
2.310000000000000000e+02 9.985140059775099441e-01
2.320000000000000000e+02 9.985140043468838655e-01
2.330000000000000000e+02 9.985140024707552797e-01
2.340000000000000000e+02 9.985140003514102469e-01
2.350000000000000000e+02 9.998135885799698253e-01
2.360000000000000000e+02 9.985139979914304798e-01
2.370000000000000000e+02 9.985139953936915669e-01
2.380000000000000000e+02 9.985139925613586431e-01
2.390000000000000000e+02 9.985139894978816155e-01
2.400000000000000000e+02 9.985139862069939420e-01
2.410000000000000000e+02 9.985139826927040829e-01
2.420000000000000000e+02 9.985139789592939463e-01
2.430000000000000000e+02 9.985139750113126711e-01
2.440000000000000000e+02 9.985139708535698544e-01
2.450000000000000000e+02 9.985139664911308888e-01
2.460000000000000000e+02 9.998259698099334347e-01
2.470000000000000000e+02 9.985139619293107449e-01
2.480000000000000000e+02 9.985139571736674213e-01
2.490000000000000000e+02 9.985139522299952830e-01
2.500000000000000000e+02 9.985139471043174009e-01
2.510000000000000000e+02 9.985139418028781133e-01
2.520000000000000000e+02 9.985139363321366979e-01
2.530000000000000000e+02 9.985139306987578234e-01
2.540000000000000000e+02 9.985139249096064429e-01
2.550000000000000000e+02 9.985139189717335828e-01
2.560000000000000000e+02 9.985139128923754548e-01
2.570000000000000000e+02 9.998379512350167309e-01
2.580000000000000000e+02 9.985139066789376905e-01
2.590000000000000000e+02 9.985395293876824230e-01
2.600000000000000000e+02 9.985654559597219038e-01
2.610000000000000000e+02 9.985913669870178921e-01
2.620000000000000000e+02 9.986172545762429520e-01
2.630000000000000000e+02 9.986431108409800084e-01
2.640000000000000000e+02 9.986689279041235379e-01
2.650000000000000000e+02 9.986946979002828684e-01
2.660000000000000000e+02 9.987204129781781514e-01
2.670000000000000000e+02 9.987460653030304503e-01
2.680000000000000000e+02 9.998495292001332579e-01
2.690000000000000000e+02 9.987716470589600437e-01
2.700000000000000000e+02 9.987971504513576404e-01
2.710000000000000000e+02 9.988225677092701371e-01
2.720000000000000000e+02 9.988478910877665040e-01
2.730000000000000000e+02 9.988731128703003392e-01
2.740000000000000000e+02 9.988982253710666503e-01
2.750000000000000000e+02 9.989232209373426485e-01
2.760000000000000000e+02 9.989480919518247681e-01
2.770000000000000000e+02 9.989728308349544728e-01
2.780000000000000000e+02 9.989974300472287405e-01
2.790000000000000000e+02 9.998607001732364719e-01
2.800000000000000000e+02 9.990218820915039988e-01
2.810000000000000000e+02 9.990461795152809632e-01
2.820000000000000000e+02 9.990703149129851468e-01
2.830000000000000000e+02 9.990942809282213899e-01
2.840000000000000000e+02 9.991180702560278348e-01
2.850000000000000000e+02 9.991416756450992587e-01
2.860000000000000000e+02 9.991650899000072972e-01
2.870000000000000000e+02 9.991883058833960218e-01
2.880000000000000000e+02 9.992113165181611967e-01
2.890000000000000000e+02 9.992341147896161013e-01
2.900000000000000000e+02 9.998714607463893289e-01
2.910000000000000000e+02 9.992566937476302646e-01
2.920000000000000000e+02 9.998818076368191088e-01
2.930000000000000000e+02 9.998917376879188357e-01
2.940000000000000000e+02 9.999012478702152817e-01
2.950000000000000000e+02 9.993446798206181425e-01
2.960000000000000000e+02 9.999103352822984458e-01
2.970000000000000000e+02 9.999189971517066233e-01
2.980000000000000000e+02 9.999272308357848305e-01
2.990000000000000000e+02 9.999350338224851642e-01
3.000000000000000000e+02 9.999424037311437363e-01
3.010000000000000000e+02 9.999493383132085356e-01
3.020000000000000000e+02 9.999558354529272108e-01
3.030000000000000000e+02 9.999618931679946643e-01
3.040000000000000000e+02 9.999675096101685590e-01
3.050000000000000000e+02 9.999726830658250964e-01
3.060000000000000000e+02 9.993660603665677211e-01
3.070000000000000000e+02 9.999774119564902586e-01
3.080000000000000000e+02 9.999816948393261962e-01
3.090000000000000000e+02 9.999855304075698781e-01
3.100000000000000000e+02 9.999889174909316614e-01
3.110000000000000000e+02 9.999918550559590003e-01
3.120000000000000000e+02 9.999943422063524157e-01
3.130000000000000000e+02 9.999963781832376108e-01
3.140000000000000000e+02 9.999979623653993954e-01
3.150000000000000000e+02 9.999990942694738649e-01
3.160000000000000000e+02 9.999997735500950613e-01
3.170000000000000000e+02 9.993871813715192731e-01
3.180000000000000000e+02 1.000000000000000000e+00
3.190000000000000000e+02 9.999997735500942841e-01
3.200000000000000000e+02 9.999990942694739759e-01
3.210000000000000000e+02 9.999979623653991734e-01
3.220000000000000000e+02 9.999963781832376108e-01
3.230000000000000000e+02 9.999943422063530818e-01
3.240000000000000000e+02 9.999918550559593333e-01
3.250000000000000000e+02 9.999889174909316614e-01
3.260000000000000000e+02 9.999855304075699891e-01
3.270000000000000000e+02 9.999816948393267513e-01
3.280000000000000000e+02 9.994080363955500923e-01
3.290000000000000000e+02 9.999774119564902586e-01
3.300000000000000000e+02 9.999726830658249854e-01
3.310000000000000000e+02 9.999675096101676708e-01
3.320000000000000000e+02 9.999618931679951084e-01
3.330000000000000000e+02 9.999558354529267667e-01
3.340000000000000000e+02 9.999493383132088686e-01
3.350000000000000000e+02 9.999424037311440694e-01
3.360000000000000000e+02 9.999350338224847201e-01
3.370000000000000000e+02 9.999272308357848305e-01
3.380000000000000000e+02 9.999189971517067343e-01
3.390000000000000000e+02 9.994286190796812797e-01
3.400000000000000000e+02 9.999103352822983348e-01
3.410000000000000000e+02 9.999012478702157258e-01
3.420000000000000000e+02 9.998917376879188357e-01
3.430000000000000000e+02 9.998818076368189978e-01
3.440000000000000000e+02 9.998714607463894399e-01
3.450000000000000000e+02 9.998607001732362498e-01
3.460000000000000000e+02 9.998495292001338131e-01
3.470000000000000000e+02 9.998379512350166198e-01
3.480000000000000000e+02 9.998259698099336568e-01
3.490000000000000000e+02 9.998135885799696032e-01
3.500000000000000000e+02 9.994489231478326241e-01
3.510000000000000000e+02 9.998008113221207305e-01
3.520000000000000000e+02 9.997876419341436005e-01
3.530000000000000000e+02 9.997740844333520283e-01
3.540000000000000000e+02 9.997601429553937269e-01
3.550000000000000000e+02 9.997458217529825442e-01
3.560000000000000000e+02 9.997311251945911748e-01
3.570000000000000000e+02 9.997160577631171163e-01
3.580000000000000000e+02 9.997006240545086575e-01
3.590000000000000000e+02 9.996848287763584473e-01
3.600000000000000000e+02 9.996686767464575407e-01
