0.000000000000000000e+00 9.992358606559825773e-01
1.000000000000000000e+00 9.992588398237540748e-01
2.000000000000000000e+00 9.992815794554883446e-01
3.000000000000000000e+00 9.993040726182357281e-01
4.000000000000000000e+00 9.993263124540153752e-01
5.000000000000000000e+00 9.993482921819140108e-01
6.000000000000000000e+00 9.993700051001572771e-01
7.000000000000000000e+00 9.993914445881618702e-01
8.000000000000000000e+00 9.994126041085555912e-01
9.000000000000000000e+00 9.994334772091828523e-01
1.000000000000000000e+01 9.994540575250723258e-01
1.100000000000000000e+01 9.994743387803887158e-01
1.200000000000000000e+01 9.994943147903516678e-01
1.300000000000000000e+01 9.995139794631239250e-01
1.400000000000000000e+01 9.995333268016840522e-01
1.500000000000000000e+01 9.995523509056524203e-01
1.600000000000000000e+01 9.995710459731044217e-01
1.700000000000000000e+01 9.995894063023409437e-01
1.800000000000000000e+01 9.996074262936364141e-01
1.900000000000000000e+01 9.996251004509524307e-01
2.000000000000000000e+01 9.996424233836216366e-01
2.100000000000000000e+01 9.996593898079975116e-01
2.200000000000000000e+01 9.996759945490678589e-01
2.300000000000000000e+01 9.996922325420479760e-01
2.400000000000000000e+01 9.997080988339259733e-01
2.500000000000000000e+01 9.997235885849801162e-01
2.600000000000000000e+01 9.997386970702620834e-01
2.700000000000000000e+01 9.997534196810472507e-01
2.800000000000000000e+01 9.997677519262405665e-01
2.900000000000000000e+01 9.997816894337552274e-01
3.000000000000000000e+01 9.997952279518547147e-01
3.100000000000000000e+01 9.998083633504518675e-01
3.200000000000000000e+01 9.998210916223766453e-01
3.300000000000000000e+01 9.998334088846034806e-01
3.400000000000000000e+01 9.998453113794392166e-01
3.500000000000000000e+01 9.998567954756761855e-01
3.600000000000000000e+01 9.998678576697096476e-01
3.700000000000000000e+01 9.998784945866037166e-01
3.800000000000000000e+01 9.998887029811279747e-01
3.900000000000000000e+01 9.998984797387596712e-01
4.000000000000000000e+01 9.999078218766279669e-01
4.100000000000000000e+01 9.999167265444331987e-01
4.200000000000000000e+01 9.999251910253225128e-01
4.300000000000000000e+01 9.999332127367204226e-01
4.400000000000000000e+01 9.999407892311187318e-01
4.500000000000000000e+01 9.999479181968327079e-01
4.600000000000000000e+01 9.999545974587047414e-01
4.700000000000000000e+01 9.999608249787705905e-01
4.800000000000000000e+01 9.999665988568914310e-01
4.900000000000000000e+01 9.999719173313287301e-01
5.000000000000000000e+01 9.999767787792873674e-01
5.100000000000000000e+01 9.999811817174153461e-01
5.200000000000000000e+01 9.999851248022553207e-01
5.300000000000000000e+01 9.999886068306593767e-01
5.400000000000000000e+01 9.999916267401549597e-01
5.500000000000000000e+01 9.999941836092745007e-01
5.600000000000000000e+01 9.999962766578341933e-01
5.700000000000000000e+01 9.999979052471758001e-01
5.800000000000000000e+01 9.999990688803634953e-01
5.900000000000000000e+01 9.999997672023320794e-01
6.000000000000000000e+01 1.000000000000000000e+00
6.100000000000000000e+01 9.999997672023321904e-01
6.200000000000000000e+01 9.999990688803633843e-01
6.300000000000000000e+01 9.999979052471759111e-01
6.400000000000000000e+01 9.999962766578339712e-01
6.500000000000000000e+01 9.999941836092747227e-01
6.600000000000000000e+01 9.999916267401551817e-01
6.700000000000000000e+01 9.999886068306591547e-01
6.800000000000000000e+01 9.999851248022553207e-01
6.900000000000000000e+01 9.999811817174157902e-01
7.000000000000000000e+01 9.999767787792871454e-01
7.100000000000000000e+01 9.999719173313286191e-01
7.200000000000000000e+01 9.999665988568917641e-01
7.300000000000000000e+01 9.999608249787713676e-01
7.400000000000000000e+01 9.999545974587041863e-01
7.500000000000000000e+01 9.999479181968327079e-01
7.600000000000000000e+01 9.999407892311187318e-01
7.700000000000000000e+01 9.999332127367197565e-01
7.800000000000000000e+01 9.999251910253228459e-01
7.900000000000000000e+01 9.999167265444331987e-01
8.000000000000000000e+01 9.999078218766278559e-01
8.100000000000000000e+01 9.998984797387595602e-01
8.200000000000000000e+01 9.998887029811284188e-01
8.300000000000000000e+01 9.998784945866030505e-01
8.400000000000000000e+01 9.998678576697102027e-01
8.500000000000000000e+01 9.998567954756765186e-01
8.600000000000000000e+01 9.998453113794391056e-01
8.700000000000000000e+01 9.998334088846034806e-01
8.800000000000000000e+01 9.998210916223772005e-01
8.900000000000000000e+01 9.998083633504526446e-01
9.000000000000000000e+01 9.997952279518544927e-01
9.100000000000000000e+01 9.997816894337553384e-01
9.200000000000000000e+01 9.997677519262408996e-01
9.300000000000000000e+01 9.997534196810478058e-01
9.400000000000000000e+01 9.997386970702627496e-01
9.500000000000000000e+01 9.997235885849801162e-01
9.600000000000000000e+01 9.997080988339248631e-01
9.700000000000000000e+01 9.996922325420485311e-01
9.800000000000000000e+01 9.996759945490676369e-01
9.900000000000000000e+01 9.996593898079974005e-01
1.000000000000000000e+02 9.996424233836211926e-01
1.010000000000000000e+02 9.996251004509527638e-01
1.020000000000000000e+02 9.996074262936361920e-01
1.030000000000000000e+02 9.995894063023409437e-01
1.040000000000000000e+02 9.995710459731045328e-01
1.050000000000000000e+02 9.995523509056520872e-01
1.060000000000000000e+02 9.995333268016839412e-01
1.070000000000000000e+02 9.995139794631241470e-01
1.080000000000000000e+02 9.994943147903514458e-01
1.090000000000000000e+02 9.994743387803889378e-01
1.100000000000000000e+02 9.994540575250725478e-01
1.110000000000000000e+02 9.994334772091828523e-01
1.120000000000000000e+02 9.994126041085557022e-01
1.130000000000000000e+02 9.993914445881620923e-01
1.140000000000000000e+02 9.993700051001571660e-01
1.150000000000000000e+02 9.993482921819140108e-01
1.160000000000000000e+02 9.993263124540149311e-01
1.170000000000000000e+02 9.993040726182356170e-01
1.180000000000000000e+02 9.992815794554885667e-01
1.190000000000000000e+02 9.992588398237549629e-01
1.200000000000000000e+02 9.992358606559823553e-01
1.210000000000000000e+02 9.992126489579739035e-01
1.220000000000000000e+02 9.991892118062360995e-01
1.230000000000000000e+02 9.991655563458243794e-01
1.240000000000000000e+02 9.991416897881575387e-01
1.250000000000000000e+02 9.991176194088091655e-01
1.260000000000000000e+02 9.990933525452917463e-01
1.270000000000000000e+02 9.990688965948094635e-01
1.280000000000000000e+02 9.990442590120034438e-01
1.290000000000000000e+02 9.990194473066693615e-01
1.300000000000000000e+02 9.989944690414670481e-01
1.310000000000000000e+02 9.989693318296118951e-01
1.320000000000000000e+02 9.989440433325472712e-01
1.330000000000000000e+02 9.989186112576081689e-01
1.340000000000000000e+02 9.988930433556659771e-01
1.350000000000000000e+02 9.988673474187644841e-01
1.360000000000000000e+02 9.988415312777402244e-01
1.370000000000000000e+02 9.988156027998349451e-01
1.380000000000000000e+02 9.987895698862907512e-01
1.390000000000000000e+02 9.987634404699452517e-01
1.400000000000000000e+02 9.987372225128064995e-01
1.410000000000000000e+02 9.987109240036277091e-01
1.420000000000000000e+02 9.986845529554689849e-01
1.430000000000000000e+02 9.986581174032527208e-01
1.440000000000000000e+02 9.986316254013175575e-01
1.450000000000000000e+02 9.986050850209576835e-01
1.460000000000000000e+02 9.985785043479655787e-01
1.470000000000000000e+02 9.985518914801680967e-01
1.480000000000000000e+02 9.985269729488803758e-01
1.490000000000000000e+02 9.985275681502905343e-01
1.500000000000000000e+02 9.985281463797772705e-01
1.510000000000000000e+02 9.985287074550831532e-01
1.520000000000000000e+02 9.985292511992991393e-01
1.530000000000000000e+02 9.985297774409225280e-01
1.540000000000000000e+02 9.985302860139211312e-01
1.550000000000000000e+02 9.985307767577886739e-01
1.560000000000000000e+02 9.985312495175977521e-01
1.570000000000000000e+02 9.985317041440580077e-01
1.580000000000000000e+02 9.985321404935666445e-01
1.590000000000000000e+02 9.985325584282553901e-01
1.600000000000000000e+02 9.985329578160446751e-01
1.610000000000000000e+02 9.985333385306824905e-01
1.620000000000000000e+02 9.985337004517940152e-01
1.630000000000000000e+02 9.985340434649232488e-01
1.640000000000000000e+02 9.985343674615668741e-01
1.650000000000000000e+02 9.985346723392216628e-01
1.660000000000000000e+02 9.985349580014120097e-01
1.670000000000000000e+02 9.985352243577290121e-01
1.680000000000000000e+02 9.985354713238582258e-01
1.690000000000000000e+02 9.985356988216154139e-01
1.700000000000000000e+02 9.985359067789648657e-01
1.710000000000000000e+02 9.985360951300529253e-01
1.720000000000000000e+02 9.985362638152261994e-01
1.730000000000000000e+02 9.985364127810556489e-01
1.740000000000000000e+02 9.985365419803514664e-01
1.750000000000000000e+02 9.985366513721851689e-01
1.760000000000000000e+02 9.985367409218982582e-01
1.770000000000000000e+02 9.985368106011175415e-01
1.780000000000000000e+02 9.985368603877652349e-01
1.790000000000000000e+02 9.985368902660655133e-01
1.800000000000000000e+02 9.985369002265510607e-01
1.810000000000000000e+02 9.985368902660658463e-01
1.820000000000000000e+02 9.985368603877646798e-01
1.830000000000000000e+02 9.985368106011176526e-01
1.840000000000000000e+02 9.985367409218981471e-01
1.850000000000000000e+02 9.985366513721853909e-01
1.860000000000000000e+02 9.985365419803516884e-01
1.870000000000000000e+02 9.985364127810556489e-01
1.880000000000000000e+02 9.985362638152261994e-01
1.890000000000000000e+02 9.985360951300524812e-01
1.900000000000000000e+02 9.985359067789647547e-01
1.910000000000000000e+02 9.985356988216157470e-01
1.920000000000000000e+02 9.985354713238585589e-01
1.930000000000000000e+02 9.985352243577289011e-01
1.940000000000000000e+02 9.985349580014117876e-01
1.950000000000000000e+02 9.985346723392208856e-01
1.960000000000000000e+02 9.985343674615676512e-01
1.970000000000000000e+02 9.985340434649230268e-01
1.980000000000000000e+02 9.985337004517945703e-01
1.990000000000000000e+02 9.985333385306823795e-01
2.000000000000000000e+02 9.985329578160443420e-01
2.010000000000000000e+02 9.985325584282558342e-01
2.020000000000000000e+02 9.985321404935665335e-01
2.030000000000000000e+02 9.985317041440583408e-01
2.040000000000000000e+02 9.985312495175977521e-01
2.050000000000000000e+02 9.985307767577887850e-01
2.060000000000000000e+02 9.985302860139216863e-01
2.070000000000000000e+02 9.985297774409224170e-01
2.080000000000000000e+02 9.985292511992981401e-01
2.090000000000000000e+02 9.985287074550830422e-01
2.100000000000000000e+02 9.985281463797771595e-01
2.110000000000000000e+02 9.985275681502900902e-01
2.120000000000000000e+02 9.985269729488797097e-01
2.130000000000000000e+02 9.985263609630886661e-01
2.140000000000000000e+02 9.985257323856776557e-01
2.150000000000000000e+02 9.985250874145610300e-01
2.160000000000000000e+02 9.985244262527400716e-01
2.170000000000000000e+02 9.985237491082304961e-01
2.180000000000000000e+02 9.985230561939913985e-01
2.190000000000000000e+02 9.985223477278530879e-01
2.200000000000000000e+02 9.985216239324434806e-01
2.210000000000000000e+02 9.985208850351096066e-01
2.220000000000000000e+02 9.985201312678406715e-01
2.230000000000000000e+02 9.985193628671905630e-01
2.240000000000000000e+02 9.985185800741964712e-01
2.250000000000000000e+02 9.985177831342951782e-01
2.260000000000000000e+02 9.985169722972411233e-01
2.270000000000000000e+02 9.985161478170242466e-01
2.280000000000000000e+02 9.985153099517800612e-01
2.290000000000000000e+02 9.985144589637034995e-01
2.300000000000000000e+02 9.985135951189642034e-01
2.310000000000000000e+02 9.985127186876112670e-01
2.320000000000000000e+02 9.985118299434855293e-01
2.330000000000000000e+02 9.985109291641303120e-01
2.340000000000000000e+02 9.985100166306916103e-01
2.350000000000000000e+02 9.985090926278336054e-01
2.360000000000000000e+02 9.985081574436328600e-01
2.370000000000000000e+02 9.985072113694941631e-01
2.380000000000000000e+02 9.985062547000425059e-01
2.390000000000000000e+02 9.985052877330362620e-01
2.400000000000000000e+02 9.985043107692584963e-01
2.410000000000000000e+02 9.985033241124258163e-01
2.420000000000000000e+02 9.985023280690834557e-01
2.430000000000000000e+02 9.985013229485077968e-01
2.440000000000000000e+02 9.985003090626041189e-01
2.450000000000000000e+02 9.984992867258013494e-01
2.460000000000000000e+02 9.984982562549535867e-01
2.470000000000000000e+02 9.984972179692384042e-01
2.480000000000000000e+02 9.984961721900439402e-01
2.490000000000000000e+02 9.984951192408785259e-01
2.500000000000000000e+02 9.984940594472525577e-01
2.510000000000000000e+02 9.984929931365837952e-01
2.520000000000000000e+02 9.984919206380862278e-01
2.530000000000000000e+02 9.984908422826653807e-01
2.540000000000000000e+02 9.984897584028167294e-01
2.550000000000000000e+02 9.984886693325111251e-01
2.560000000000000000e+02 9.984875754070968723e-01
2.570000000000000000e+02 9.984864769631865977e-01
2.580000000000000000e+02 9.984853743385587732e-01
2.590000000000000000e+02 9.984842678720377007e-01
2.600000000000000000e+02 9.984831579034025850e-01
2.610000000000000000e+02 9.984820447732687398e-01
2.620000000000000000e+02 9.984809288229845592e-01
2.630000000000000000e+02 9.984798103945262682e-01
2.640000000000000000e+02 9.984786898303913416e-01
2.650000000000000000e+02 9.984775674734888140e-01
2.660000000000000000e+02 9.984764436670341414e-01
2.670000000000000000e+02 9.984753187544461728e-01
2.680000000000000000e+02 9.984741930792366826e-01
2.690000000000000000e+02 9.984730669849072315e-01
2.700000000000000000e+02 9.984722700691610608e-01
2.710000000000000000e+02 9.984722766365254909e-01
2.720000000000000000e+02 9.984722830621737266e-01
2.730000000000000000e+02 9.984722893382766973e-01
2.740000000000000000e+02 9.984722954571879638e-01
2.750000000000000000e+02 9.984723014114526007e-01
2.760000000000000000e+02 9.984723071938159666e-01
2.770000000000000000e+02 9.984723127972342516e-01
2.780000000000000000e+02 9.984723182148791398e-01
2.790000000000000000e+02 9.984723234401505776e-01
2.800000000000000000e+02 9.984723284666824350e-01
2.810000000000000000e+02 9.984723332883509439e-01
2.820000000000000000e+02 9.984723378992811371e-01
2.830000000000000000e+02 9.984723422938559523e-01
2.840000000000000000e+02 9.984723464667201176e-01
2.850000000000000000e+02 9.984723504127910321e-01
2.860000000000000000e+02 9.984723541272599867e-01
2.870000000000000000e+02 9.984723576056027117e-01
2.880000000000000000e+02 9.984723608435797093e-01
2.890000000000000000e+02 9.984723638372472454e-01
2.900000000000000000e+02 9.984723665829576822e-01
2.910000000000000000e+02 9.984723690773650295e-01
2.920000000000000000e+02 9.984723713174312731e-01
2.930000000000000000e+02 9.984723733004269297e-01
2.940000000000000000e+02 9.984723750239357098e-01
2.950000000000000000e+02 9.984723764858586259e-01
2.960000000000000000e+02 9.984723776844133258e-01
2.970000000000000000e+02 9.984723786181410876e-01
2.980000000000000000e+02 9.984723792859028224e-01
2.990000000000000000e+02 9.984723796868852919e-01
3.000000000000000000e+02 9.984723798206009970e-01
3.010000000000000000e+02 9.984723796868850698e-01
3.020000000000000000e+02 9.984723792859028224e-01
3.030000000000000000e+02 9.984723786181411986e-01
3.040000000000000000e+02 9.984723776844134369e-01
3.050000000000000000e+02 9.984723764858586259e-01
3.060000000000000000e+02 9.984723750239357098e-01
3.070000000000000000e+02 9.984723733004270407e-01
3.080000000000000000e+02 9.984723713174312731e-01
3.090000000000000000e+02 9.984723690773648075e-01
3.100000000000000000e+02 9.984723665829577932e-01
3.110000000000000000e+02 9.984723638372473564e-01
3.120000000000000000e+02 9.984723608435797093e-01
3.130000000000000000e+02 9.984723576056028227e-01
3.140000000000000000e+02 9.984723541272598757e-01
3.150000000000000000e+02 9.984723504127911431e-01
3.160000000000000000e+02 9.984723464667200066e-01
3.170000000000000000e+02 9.984723422938559523e-01
3.180000000000000000e+02 9.984723378992810261e-01
3.190000000000000000e+02 9.984723332883512770e-01
3.200000000000000000e+02 9.984723284666825460e-01
3.210000000000000000e+02 9.984723234401505776e-01
3.220000000000000000e+02 9.984723182148791398e-01
3.230000000000000000e+02 9.984723127972341405e-01
3.240000000000000000e+02 9.984723071938160777e-01
3.250000000000000000e+02 9.984723014114528228e-01
3.260000000000000000e+02 9.984722954571879638e-01
3.270000000000000000e+02 9.984722893382770303e-01
3.280000000000000000e+02 9.984722830621737266e-01
3.290000000000000000e+02 9.984722766365256019e-01
3.300000000000000000e+02 9.984722700691610608e-01
3.310000000000000000e+02 9.984986015968114748e-01
3.320000000000000000e+02 9.985252545249552192e-01
3.330000000000000000e+02 9.985518914801675416e-01
3.340000000000000000e+02 9.985785043479654677e-01
3.350000000000000000e+02 9.986050850209574614e-01
3.360000000000000000e+02 9.986316254013167804e-01
3.370000000000000000e+02 9.986581174032529429e-01
3.380000000000000000e+02 9.986845529554695400e-01
3.390000000000000000e+02 9.987109240036278202e-01
3.400000000000000000e+02 9.987372225128063885e-01
3.410000000000000000e+02 9.987634404699451407e-01
3.420000000000000000e+02 9.987895698862908622e-01
3.430000000000000000e+02 9.988156027998348341e-01
3.440000000000000000e+02 9.988415312777405575e-01
3.450000000000000000e+02 9.988673474187643730e-01
3.460000000000000000e+02 9.988930433556658661e-01
3.470000000000000000e+02 9.989186112576081689e-01
3.480000000000000000e+02 9.989440433325472712e-01
3.490000000000000000e+02 9.989693318296118951e-01
3.500000000000000000e+02 9.989944690414672701e-01
3.510000000000000000e+02 9.990194473066695835e-01
3.520000000000000000e+02 9.990442590120036659e-01
3.530000000000000000e+02 9.990688965948096856e-01
3.540000000000000000e+02 9.990933525452918573e-01
3.550000000000000000e+02 9.991176194088084994e-01
3.560000000000000000e+02 9.991416897881572057e-01
3.570000000000000000e+02 9.991655563458244904e-01
3.580000000000000000e+02 9.991892118062356554e-01
3.590000000000000000e+02 9.992126489579740145e-01
3.600000000000000000e+02 9.992358606559825773e-01
