0.000000000000000000e+00 6.796813483790750643e-15
1.000000000000000000e+00 6.867788877402127727e-15
2.000000000000000000e+00 6.938081918994153212e-15
3.000000000000000000e+00 7.007670706285492634e-15
4.000000000000000000e+00 7.076534738253421496e-15
5.000000000000000000e+00 7.144652813245910320e-15
6.000000000000000000e+00 7.212004734861669671e-15
7.000000000000000000e+00 7.278569514683680531e-15
8.000000000000000000e+00 7.344327230469943841e-15
9.000000000000000000e+00 7.409257899054183782e-15
1.000000000000000000e+01 7.473342146512989932e-15
1.100000000000000000e+01 7.536560294301520746e-15
1.200000000000000000e+01 7.598893151269229206e-15
1.300000000000000000e+01 7.660321891811299832e-15
1.400000000000000000e+01 7.720828025406491379e-15
1.500000000000000000e+01 7.780393366155001606e-15
1.600000000000000000e+01 7.838999667232743626e-15
1.700000000000000000e+01 7.896629169209926656e-15
1.800000000000000000e+01 7.953264143118907753e-15
1.900000000000000000e+01 8.008888261250647635e-15
2.000000000000000000e+01 8.063484282031804196e-15
2.100000000000000000e+01 8.117035238048323336e-15
2.200000000000000000e+01 8.169525654531194991e-15
2.300000000000000000e+01 8.220939325619960215e-15
2.400000000000000000e+01 8.271260471924169935e-15
2.500000000000000000e+01 8.320474227917690527e-15
2.600000000000000000e+01 8.368565758536528319e-15
2.700000000000000000e+01 8.415520167792403418e-15
2.800000000000000000e+01 8.461323534485636021e-15
2.900000000000000000e+01 8.505961724181538230e-15
3.000000000000000000e+01 8.549421516309737592e-15
3.100000000000000000e+01 8.591689751224144721e-15
3.200000000000000000e+01 8.632753726210829533e-15
3.300000000000000000e+01 8.672600708093715674e-15
3.400000000000000000e+01 8.711218999409613107e-15
3.500000000000000000e+01 8.748596598073897519e-15
3.600000000000000000e+01 8.784722629101260246e-15
3.700000000000000000e+01 8.819585608263517767e-15
3.800000000000000000e+01 8.853175483053242793e-15
3.900000000000000000e+01 8.885481957265856831e-15
4.000000000000000000e+01 8.916495404863944048e-15
4.100000000000000000e+01 8.946206047499371474e-15
4.200000000000000000e+01 8.974605477620471416e-15
4.300000000000000000e+01 9.001684556584125721e-15
4.400000000000000000e+01 9.027435333770825996e-15
4.500000000000000000e+01 9.051850132720353433e-15
4.600000000000000000e+01 9.074921307434633914e-15
4.700000000000000000e+01 9.096642217166334944e-15
4.800000000000000000e+01 9.117006068857408470e-15
4.900000000000000000e+01 9.136006831003398436e-15
5.000000000000000000e+01 9.153638685334852144e-15
5.100000000000000000e+01 9.169896453287338026e-15
5.200000000000000000e+01 9.184774925834279821e-15
5.300000000000000000e+01 9.198269655502693267e-15
5.400000000000000000e+01 9.210376956373189252e-15
5.500000000000000000e+01 9.221092594207790030e-15
5.600000000000000000e+01 9.230413827413561889e-15
5.700000000000000000e+01 9.238337487927556508e-15
5.800000000000000000e+01 9.244861382475425657e-15
5.900000000000000000e+01 9.249983561479972311e-15
6.000000000000000000e+01 9.253702440909723097e-15
6.100000000000000000e+01 9.256016436733203067e-15
6.200000000000000000e+01 9.256925548950413799e-15
6.300000000000000000e+01 9.256429107394191053e-15
6.400000000000000000e+01 9.254527294837401390e-15
6.500000000000000000e+01 9.251220598674339333e-15
6.600000000000000000e+01 9.246510298315045556e-15
6.700000000000000000e+01 9.240397612245265047e-15
6.800000000000000000e+01 9.232884246345049933e-15
6.900000000000000000e+01 9.223972607123751807e-15
7.000000000000000000e+01 9.213665131552868528e-15
7.100000000000000000e+01 9.201965657862509500e-15
7.200000000000000000e+01 9.188876988569896235e-15
7.300000000000000000e+01 9.174402961905138137e-15
7.400000000000000000e+01 9.158548695508382130e-15
7.500000000000000000e+01 9.141318332231170315e-15
7.600000000000000000e+01 9.122717294335088621e-15
7.700000000000000000e+01 9.102751065006006050e-15
7.800000000000000000e+01 9.081425888983383595e-15
7.900000000000000000e+01 9.058748163317404124e-15
8.000000000000000000e+01 9.034724345982536726e-15
8.100000000000000000e+01 9.009362296211860457e-15
8.200000000000000000e+01 8.982668928912000552e-15
8.300000000000000000e+01 8.954652712558912504e-15
8.400000000000000000e+01 8.925322237477124255e-15
8.500000000000000000e+01 8.894686276764027150e-15
8.600000000000000000e+01 8.862753877676306852e-15
8.700000000000000000e+01 8.829535062259247538e-15
8.800000000000000000e+01 8.795039304239546326e-15
8.900000000000000000e+01 8.759277387216082542e-15
9.000000000000000000e+01 8.722259881552724266e-15
9.100000000000000000e+01 8.683998362864085933e-15
9.200000000000000000e+01 8.644504010756915213e-15
9.300000000000000000e+01 8.603788857777981108e-15
9.400000000000000000e+01 8.561865180171200672e-15
9.500000000000000000e+01 8.518745741574798101e-15
9.600000000000000000e+01 8.474443336089131240e-15
9.700000000000000000e+01 8.428971793527452133e-15
9.800000000000000000e+01 8.382344547695139750e-15
9.900000000000000000e+01 8.334575672102595765e-15
1.000000000000000000e+02 8.285679483957368324e-15
1.010000000000000000e+02 8.235671092482742260e-15
1.020000000000000000e+02 8.184565363204852777e-15
1.030000000000000000e+02 8.132378045052004256e-15
1.040000000000000000e+02 8.079124460482489623e-15
1.050000000000000000e+02 8.024821424599642685e-15
1.060000000000000000e+02 7.969484625407478444e-15
1.070000000000000000e+02 7.913130969395761620e-15
1.080000000000000000e+02 7.855777819986416233e-15
1.090000000000000000e+02 7.797442296904210365e-15
1.100000000000000000e+02 7.738142037730359197e-15
1.110000000000000000e+02 7.677895289288952771e-15
1.120000000000000000e+02 7.616719841471923406e-15
1.130000000000000000e+02 7.554634458959803513e-15
1.140000000000000000e+02 7.491657967357411724e-15
1.150000000000000000e+02 7.427809588277436593e-15
1.160000000000000000e+02 7.363108208248986133e-15
1.170000000000000000e+02 7.297573688589765291e-15
1.180000000000000000e+02 7.231226195238918022e-15
1.190000000000000000e+02 7.164085223968425619e-15
1.200000000000000000e+02 7.096171489036018307e-15
1.210000000000000000e+02 7.027505613312994606e-15
1.220000000000000000e+02 6.958108128284223702e-15
1.230000000000000000e+02 6.888000326988165199e-15
1.240000000000000000e+02 6.817203319690419242e-15
1.250000000000000000e+02 6.745738886823744691e-15
1.260000000000000000e+02 6.673628321426604304e-15
1.270000000000000000e+02 6.600893860863913088e-15
1.280000000000000000e+02 6.527557163719857455e-15
1.290000000000000000e+02 6.453640711056503616e-15
1.300000000000000000e+02 6.379167288557353633e-15
1.310000000000000000e+02 6.304158889890176039e-15
1.320000000000000000e+02 6.228638270276328994e-15
1.330000000000000000e+02 6.152629159725771541e-15
1.340000000000000000e+02 6.076153856527707274e-15
1.350000000000000000e+02 5.999235846994945605e-15
1.360000000000000000e+02 5.921898465129577233e-15
1.370000000000000000e+02 5.844165654176565349e-15
1.380000000000000000e+02 5.766060321667989195e-15
1.390000000000000000e+02 5.687606624083819267e-15
1.400000000000000000e+02 5.608828656979739837e-15
1.410000000000000000e+02 5.529749571584977410e-15
1.420000000000000000e+02 5.450394072698090328e-15
1.430000000000000000e+02 5.370786286336905974e-15
1.440000000000000000e+02 5.290949912049239489e-15
1.450000000000000000e+02 5.210910111565802993e-15
1.460000000000000000e+02 5.130690371199406688e-15
1.470000000000000000e+02 5.050315669907902444e-15
1.480000000000000000e+02 4.969810164171259179e-15
1.490000000000000000e+02 4.889198528325892124e-15
1.500000000000000000e+02 4.808505162548921402e-15
1.510000000000000000e+02 4.727754680252473654e-15
1.520000000000000000e+02 4.646972151780831664e-15
1.530000000000000000e+02 4.566181428992529286e-15
1.540000000000000000e+02 4.485407612693991629e-15
1.550000000000000000e+02 4.404675285835201431e-15
1.560000000000000000e+02 4.324008939979711308e-15
1.570000000000000000e+02 4.243433188539647899e-15
1.580000000000000000e+02 4.162972370767843527e-15
1.590000000000000000e+02 4.082651709319299690e-15
1.600000000000000000e+02 4.002495056052549456e-15
1.610000000000000000e+02 3.922527054841864152e-15
1.620000000000000000e+02 3.842771953553645190e-15
1.630000000000000000e+02 3.763254517910737133e-15
1.640000000000000000e+02 3.683998630233817739e-15
1.650000000000000000e+02 3.605028843010726635e-15
1.660000000000000000e+02 3.526368764402847257e-15
1.670000000000000000e+02 3.448042703200868818e-15
1.680000000000000000e+02 3.370074968195480527e-15
1.690000000000000000e+02 3.292488527843048245e-15
1.700000000000000000e+02 3.215307782320692886e-15
1.710000000000000000e+02 3.138555943781929544e-15
1.720000000000000000e+02 3.062256437615279436e-15
1.730000000000000000e+02 2.986432902444270689e-15
1.740000000000000000e+02 2.911108550422418005e-15
1.750000000000000000e+02 2.836306014922506703e-15
1.760000000000000000e+02 2.762048294863045756e-15
1.770000000000000000e+02 2.688358297776114013e-15
1.780000000000000000e+02 2.615258474261632995e-15
1.790000000000000000e+02 2.542770878911657064e-15
1.800000000000000000e+02 2.470918114636827638e-15
1.810000000000000000e+02 2.399722205567054390e-15
1.820000000000000000e+02 2.329204444740798500e-15
1.830000000000000000e+02 2.259386795363683419e-15
1.840000000000000000e+02 2.190290641860600451e-15
1.850000000000000000e+02 2.121936972648573743e-15
1.860000000000000000e+02 2.054346654296052234e-15
1.870000000000000000e+02 1.987540675220059677e-15
1.880000000000000000e+02 1.921539445056888864e-15
1.890000000000000000e+02 1.856363038359252837e-15
1.900000000000000000e+02 1.792031103209850422e-15
1.910000000000000000e+02 1.728563957858544683e-15
1.920000000000000000e+02 1.665980854380166693e-15
1.930000000000000000e+02 1.604300679303823480e-15
1.940000000000000000e+02 1.543542867477209323e-15
1.950000000000000000e+02 1.483725513413694171e-15
1.960000000000000000e+02 1.424867259945235618e-15
1.970000000000000000e+02 1.366985988350197685e-15
1.980000000000000000e+02 1.310099671293375900e-15
1.990000000000000000e+02 1.254225367575254092e-15
2.000000000000000000e+02 1.199380806163477765e-15
2.010000000000000000e+02 1.145582223380650161e-15
2.020000000000000000e+02 1.092846312481530668e-15
2.030000000000000000e+02 1.041189218402291221e-15
2.040000000000000000e+02 9.906271774655350632e-16
2.050000000000000000e+02 9.411750856595420879e-16
2.060000000000000000e+02 8.928484177533221615e-16
2.070000000000000000e+02 8.456621915837300903e-16
2.080000000000000000e+02 7.996304501990211821e-16
2.090000000000000000e+02 7.547678154281814076e-16
2.100000000000000000e+02 7.110875992280168943e-16
2.110000000000000000e+02 6.686033877146272987e-16
2.120000000000000000e+02 6.273282796098126268e-16
2.130000000000000000e+02 5.872749471653608378e-16
2.140000000000000000e+02 5.484557580116225604e-16
2.150000000000000000e+02 5.108824096117868468e-16
2.160000000000000000e+02 4.745664775804675412e-16
2.170000000000000000e+02 4.395191719865540946e-16
2.180000000000000000e+02 4.057512155046362088e-16
2.190000000000000000e+02 3.732730261878665013e-16
2.200000000000000000e+02 3.420946565436729500e-16
2.210000000000000000e+02 3.122254279880341554e-16
2.220000000000000000e+02 2.836748751719347906e-16
2.230000000000000000e+02 2.564514361091856105e-16
2.240000000000000000e+02 2.305635488135973207e-16
2.250000000000000000e+02 2.060194989882620598e-16
2.260000000000000000e+02 1.828262320019481736e-16
2.270000000000000000e+02 1.609913329284422257e-16
2.280000000000000000e+02 1.405209551207758759e-16
2.290000000000000000e+02 1.214221657962923828e-16
2.300000000000000000e+02 1.037003567544303747e-16
2.310000000000000000e+02 8.736104164320336811e-17
2.320000000000000000e+02 7.240924671632530266e-17
2.330000000000000000e+02 5.884951083321063991e-17
2.340000000000000000e+02 4.668594638326171489e-17
2.350000000000000000e+02 3.592239159658735839e-17
2.360000000000000000e+02 2.656225823328434247e-17
2.370000000000000000e+02 1.860801372699406012e-17
2.380000000000000000e+02 1.206267382994489888e-17
2.390000000000000000e+02 6.927731187179186117e-18
2.400000000000000000e+02 3.205013527320184707e-18
2.410000000000000000e+02 8.955261011106876700e-19
2.420000000000000000e+02 0.000000000000000000e+00
2.430000000000000000e+02 5.188312318564947549e-19
2.440000000000000000e+02 2.451989334536451182e-18
2.450000000000000000e+02 5.798255822291027527e-18
2.460000000000000000e+02 1.055726514939557235e-17
2.470000000000000000e+02 1.672697635222077645e-17
2.480000000000000000e+02 2.430604909644291632e-17
2.490000000000000000e+02 3.329168086483965537e-17
2.500000000000000000e+02 4.368140422376959137e-17
2.510000000000000000e+02 5.547171602670480781e-17
2.520000000000000000e+02 6.865935682426715499e-17
2.530000000000000000e+02 8.324012284062312573e-17
2.540000000000000000e+02 9.920929244349596958e-17
2.550000000000000000e+02 1.165622963113275215e-16
2.560000000000000000e+02 1.352934075610982418e-16
2.570000000000000000e+02 1.553972343933695144e-16
2.580000000000000000e+02 1.768671665229538555e-16
2.590000000000000000e+02 1.996971115211070614e-16
2.600000000000000000e+02 2.238797280111924186e-16
2.610000000000000000e+02 2.494078573894353610e-16
2.620000000000000000e+02 2.762733053391750821e-16
2.630000000000000000e+02 3.044677556951756413e-16
2.640000000000000000e+02 3.339828922922012457e-16
2.650000000000000000e+02 3.648094851007044051e-16
2.660000000000000000e+02 3.969379690075567431e-16
2.670000000000000000e+02 4.303586875131986738e-16
2.680000000000000000e+02 4.650609788673278040e-16
2.690000000000000000e+02 5.010346687139413908e-16
2.700000000000000000e+02 5.382684251355751691e-16
2.710000000000000000e+02 5.767505202068964815e-16
2.720000000000000000e+02 6.164697438590161235e-16
2.730000000000000000e+02 6.574135456887209496e-16
2.740000000000000000e+02 6.995696189899476398e-16
2.750000000000000000e+02 7.429244385708841419e-16
2.760000000000000000e+02 7.874652712554549909e-16
2.770000000000000000e+02 8.331778912225425591e-16
2.780000000000000000e+02 8.800491692882029400e-16
2.790000000000000000e+02 9.280636611455696752e-16
2.800000000000000000e+02 9.772071409735250384e-16
2.810000000000000000e+02 1.027464621397358321e-15
2.820000000000000000e+02 1.078820688572346670e-15
2.830000000000000000e+02 1.131259075713742942e-15
2.840000000000000000e+02 1.184764399438968183e-15
2.850000000000000000e+02 1.239319844644688389e-15
2.860000000000000000e+02 1.294908748538287878e-15
2.870000000000000000e+02 1.351513778159989684e-15
2.880000000000000000e+02 1.409118087944316101e-15
2.890000000000000000e+02 1.467704009847908637e-15
2.900000000000000000e+02 1.527253114273816410e-15
2.910000000000000000e+02 1.587747459019387399e-15
2.920000000000000000e+02 1.649168340328377194e-15
2.930000000000000000e+02 1.711496993520253582e-15
2.940000000000000000e+02 1.774714349293047119e-15
2.950000000000000000e+02 1.838801216496213546e-15
2.960000000000000000e+02 1.903737825198477842e-15
2.970000000000000000e+02 1.969504039922840940e-15
2.980000000000000000e+02 2.036080212586602043e-15
2.990000000000000000e+02 2.103445598469887420e-15
3.000000000000000000e+02 2.171579666087829069e-15
3.010000000000000000e+02 2.240461487947691040e-15
3.020000000000000000e+02 2.310070045170305285e-15
3.030000000000000000e+02 2.380384166565785830e-15
3.040000000000000000e+02 2.451382132625660038e-15
3.050000000000000000e+02 2.523042223841454091e-15
3.060000000000000000e+02 2.595342903477557572e-15
3.070000000000000000e+02 2.668261446774754642e-15
3.080000000000000000e+02 2.741776012375997457e-15
3.090000000000000000e+02 2.815863966908501090e-15
3.100000000000000000e+02 2.890502951158774146e-15
3.110000000000000000e+02 2.965669631124726715e-15
3.120000000000000000e+02 3.041341373433573477e-15
3.130000000000000000e+02 3.117494813621081412e-15
3.140000000000000000e+02 3.194107074617315177e-15
3.150000000000000000e+02 3.271154822420184468e-15
3.160000000000000000e+02 3.348613931011862690e-15
3.170000000000000000e+02 3.426460853155253419e-15
3.180000000000000000e+02 3.504672468083272078e-15
3.190000000000000000e+02 3.583224253770223335e-15
3.200000000000000000e+02 3.662092480206148938e-15
3.210000000000000000e+02 3.741253143221795528e-15
3.220000000000000000e+02 3.820681720791469745e-15
3.230000000000000000e+02 3.900354482905210971e-15
3.240000000000000000e+02 3.980247059848042983e-15
3.250000000000000000e+02 4.060334868669983040e-15
3.260000000000000000e+02 4.140593509193911021e-15
3.270000000000000000e+02 4.220998703091280825e-15
3.280000000000000000e+02 4.301525836949965813e-15
3.290000000000000000e+02 4.382150327819983246e-15
3.300000000000000000e+02 4.462847470902774781e-15
3.310000000000000000e+02 4.543593201104802414e-15
3.320000000000000000e+02 4.624362417619637882e-15
3.330000000000000000e+02 4.705130354724437408e-15
3.340000000000000000e+02 4.785873038712092323e-15
3.350000000000000000e+02 4.866565764784045074e-15
3.360000000000000000e+02 4.947183584444587690e-15
3.370000000000000000e+02 5.027702463062323700e-15
3.380000000000000000e+02 5.108097391217259700e-15
3.390000000000000000e+02 5.188344121042992704e-15
3.400000000000000000e+02 5.268418556983839227e-15
3.410000000000000000e+02 5.348295567771230261e-15
3.420000000000000000e+02 5.427951667092356395e-15
3.430000000000000000e+02 5.507362363383665802e-15
3.440000000000000000e+02 5.586503195543750557e-15
3.450000000000000000e+02 5.665350799108376849e-15
3.460000000000000000e+02 5.743880591127561152e-15
3.470000000000000000e+02 5.822068872053489902e-15
3.480000000000000000e+02 5.899891881414059369e-15
3.490000000000000000e+02 5.977326224282892631e-15
3.500000000000000000e+02 6.054348109725742846e-15
3.510000000000000000e+02 6.130934295126951019e-15
3.520000000000000000e+02 6.207061263711565413e-15
3.530000000000000000e+02 6.282706473493231228e-15
3.540000000000000000e+02 6.357846285848421913e-15
3.550000000000000000e+02 6.432458067404351755e-15
3.560000000000000000e+02 6.506519702644680563e-15
3.570000000000000000e+02 6.580008131726610378e-15
3.580000000000000000e+02 6.652901269595944123e-15
3.590000000000000000e+02 6.725177153047059532e-15
3.600000000000000000e+02 6.796813483790750643e-15
