0.000000000000000000e+00 9.984078594146506003e-01
1.000000000000000000e+00 9.984078691077059586e-01
2.000000000000000000e+00 9.984078981840405209e-01
3.000000000000000000e+00 9.984079466351650778e-01
4.000000000000000000e+00 9.984080144469297258e-01
5.000000000000000000e+00 9.984081015995327490e-01
6.000000000000000000e+00 9.984082080675203974e-01
7.000000000000000000e+00 9.984083338197988766e-01
8.000000000000000000e+00 9.984084788196369020e-01
9.000000000000000000e+00 9.984086430246783550e-01
1.000000000000000000e+01 9.984088263869506097e-01
1.100000000000000000e+01 9.984090288528797430e-01
1.200000000000000000e+01 9.984092503633013038e-01
1.300000000000000000e+01 9.984094908534772994e-01
1.400000000000000000e+01 9.984097502531098511e-01
1.500000000000000000e+01 9.984100284863614005e-01
1.600000000000000000e+01 9.984103254718743603e-01
1.700000000000000000e+01 9.984106411227892108e-01
1.800000000000000000e+01 9.984109753467684811e-01
1.900000000000000000e+01 9.984113280460199524e-01
2.000000000000000000e+01 9.984116991173210831e-01
2.100000000000000000e+01 9.984120884520463202e-01
2.200000000000000000e+01 9.984124959361924123e-01
2.300000000000000000e+01 9.984129214504102734e-01
2.400000000000000000e+01 9.984133648700360686e-01
2.500000000000000000e+01 9.984138260651175267e-01
2.600000000000000000e+01 9.984143049004554626e-01
2.700000000000000000e+01 9.984148012356321988e-01
2.800000000000000000e+01 9.984153149250499792e-01
2.900000000000000000e+01 9.984158458179698270e-01
3.000000000000000000e+01 9.984163937585467385e-01
3.100000000000000000e+01 9.984169585858734264e-01
3.200000000000000000e+01 9.984175401340213973e-01
3.300000000000000000e+01 9.984181382320838072e-01
3.400000000000000000e+01 9.984187527042194255e-01
3.500000000000000000e+01 9.984193833696953790e-01
3.600000000000000000e+01 9.984200300429446617e-01
3.700000000000000000e+01 9.984206925336015503e-01
3.800000000000000000e+01 9.984213706465591143e-01
3.900000000000000000e+01 9.984220641820216180e-01
4.000000000000000000e+01 9.984227729355517056e-01
4.100000000000000000e+01 9.984234966981287984e-01
4.200000000000000000e+01 9.984242352562012757e-01
4.300000000000000000e+01 9.984249883917476476e-01
4.400000000000000000e+01 9.984257558823280698e-01
4.500000000000000000e+01 9.984265375011501797e-01
4.600000000000000000e+01 9.984273330171237193e-01
4.700000000000000000e+01 9.984281421949268154e-01
4.800000000000000000e+01 9.984289647950678193e-01
4.900000000000000000e+01 9.984298005739481452e-01
5.000000000000000000e+01 9.984306492839312153e-01
5.100000000000000000e+01 9.984315106734046319e-01
5.200000000000000000e+01 9.984323844868541187e-01
5.300000000000000000e+01 9.984332704649288015e-01
5.400000000000000000e+01 9.984341683445130400e-01
5.500000000000000000e+01 9.984350778587995912e-01
5.600000000000000000e+01 9.984359987373607748e-01
5.700000000000000000e+01 9.984369307062231913e-01
5.800000000000000000e+01 9.984378734879447714e-01
5.900000000000000000e+01 9.984388268016899382e-01
6.000000000000000000e+01 9.984397903633079885e-01
6.100000000000000000e+01 9.984407638854118083e-01
6.200000000000000000e+01 9.984417470774569203e-01
6.300000000000000000e+01 9.984427396458268600e-01
6.400000000000000000e+01 9.984437412939084489e-01
6.500000000000000000e+01 9.984447517221819446e-01
6.600000000000000000e+01 9.984457706283025313e-01
6.700000000000000000e+01 9.984467977071830314e-01
6.800000000000000000e+01 9.984478326510859425e-01
6.900000000000000000e+01 9.984488751497102577e-01
7.000000000000000000e+01 9.984499248902712898e-01
7.100000000000000000e+01 9.984509815576034786e-01
7.200000000000000000e+01 9.984520448342406596e-01
7.300000000000000000e+01 9.984531144005116543e-01
7.400000000000000000e+01 9.984541899346317528e-01
7.500000000000000000e+01 9.984552711127959723e-01
7.600000000000000000e+01 9.984563576092718717e-01
7.700000000000000000e+01 9.984574490964969185e-01
7.800000000000000000e+01 9.984585452451717469e-01
7.900000000000000000e+01 9.984596457243569700e-01
8.000000000000000000e+01 9.984607502015715452e-01
8.100000000000000000e+01 9.984618583428901406e-01
8.200000000000000000e+01 9.984629698130417230e-01
8.300000000000000000e+01 9.984640842755075907e-01
8.400000000000000000e+01 9.984652013926254011e-01
8.500000000000000000e+01 9.984663208256822076e-01
8.600000000000000000e+01 9.984674422350269252e-01
8.700000000000000000e+01 9.984685652801613687e-01
8.800000000000000000e+01 9.984696896198473892e-01
8.900000000000000000e+01 9.984708149122112353e-01
9.000000000000000000e+01 9.984719408148436948e-01
9.100000000000000000e+01 9.984722766365256019e-01
9.200000000000000000e+01 9.984722830621737266e-01
9.300000000000000000e+01 9.984722893382770303e-01
9.400000000000000000e+01 9.984722954571879638e-01
9.500000000000000000e+01 9.984723014114526007e-01
9.600000000000000000e+01 9.984723071938159666e-01
9.700000000000000000e+01 9.984723127972342516e-01
9.800000000000000000e+01 9.984723182148790288e-01
9.900000000000000000e+01 9.984723234401506886e-01
1.000000000000000000e+02 9.984723284666823240e-01
1.010000000000000000e+02 9.984723332883511659e-01
1.020000000000000000e+02 9.984723378992809151e-01
1.030000000000000000e+02 9.984723422938558413e-01
1.040000000000000000e+02 9.984723464667202286e-01
1.050000000000000000e+02 9.984723504127910321e-01
1.060000000000000000e+02 9.984723541272598757e-01
1.070000000000000000e+02 9.984723576056027117e-01
1.080000000000000000e+02 9.984723608435799314e-01
1.090000000000000000e+02 9.984723638372472454e-01
1.100000000000000000e+02 9.984723665829575712e-01
1.110000000000000000e+02 9.984723690773651406e-01
1.120000000000000000e+02 9.984723713174312731e-01
1.130000000000000000e+02 9.984723733004270407e-01
1.140000000000000000e+02 9.984723750239354878e-01
1.150000000000000000e+02 9.984723764858586259e-01
1.160000000000000000e+02 9.984723776844133258e-01
1.170000000000000000e+02 9.984723786181410876e-01
1.180000000000000000e+02 9.984723792859029334e-01
1.190000000000000000e+02 9.984723796868855139e-01
1.200000000000000000e+02 9.984723798206007750e-01
1.210000000000000000e+02 9.984723796868852919e-01
1.220000000000000000e+02 9.984723792859028224e-01
1.230000000000000000e+02 9.984723786181410876e-01
1.240000000000000000e+02 9.984723776844133258e-01
1.250000000000000000e+02 9.984723764858586259e-01
1.260000000000000000e+02 9.984723750239358209e-01
1.270000000000000000e+02 9.984723733004270407e-01
1.280000000000000000e+02 9.984723713174312731e-01
1.290000000000000000e+02 9.984723690773650295e-01
1.300000000000000000e+02 9.984723665829575712e-01
1.310000000000000000e+02 9.984723638372472454e-01
1.320000000000000000e+02 9.984723608435797093e-01
1.330000000000000000e+02 9.984723576056028227e-01
1.340000000000000000e+02 9.984723541272599867e-01
1.350000000000000000e+02 9.984723504127911431e-01
1.360000000000000000e+02 9.984723464667200066e-01
1.370000000000000000e+02 9.984723422938559523e-01
1.380000000000000000e+02 9.984723378992810261e-01
1.390000000000000000e+02 9.984723332883511659e-01
1.400000000000000000e+02 9.984723284666825460e-01
1.410000000000000000e+02 9.984723234401505776e-01
1.420000000000000000e+02 9.984723182148789178e-01
1.430000000000000000e+02 9.984723127972341405e-01
1.440000000000000000e+02 9.984723071938160777e-01
1.450000000000000000e+02 9.984723014114528228e-01
1.460000000000000000e+02 9.984722954571878528e-01
1.470000000000000000e+02 9.984722893382770303e-01
1.480000000000000000e+02 9.984722830621740597e-01
1.490000000000000000e+02 9.984722766365256019e-01
1.500000000000000000e+02 9.984719408148432507e-01
1.510000000000000000e+02 9.984452803003063259e-01
1.520000000000000000e+02 9.984186281741280755e-01
1.530000000000000000e+02 9.983919925544386675e-01
1.540000000000000000e+02 9.983653815540949328e-01
1.550000000000000000e+02 9.983388032782138932e-01
1.560000000000000000e+02 9.983122658216988521e-01
1.570000000000000000e+02 9.982857772667813601e-01
1.580000000000000000e+02 9.982593456805561871e-01
1.590000000000000000e+02 9.982329791125298390e-01
1.600000000000000000e+02 9.982066855921672976e-01
1.610000000000000000e+02 9.981804731264488639e-01
1.620000000000000000e+02 9.981543496974382146e-01
1.630000000000000000e+02 9.981283232598486821e-01
1.640000000000000000e+02 9.981024017386270764e-01
1.650000000000000000e+02 9.980765930265413921e-01
1.660000000000000000e+02 9.980509049817813949e-01
1.670000000000000000e+02 9.980253454255688661e-01
1.680000000000000000e+02 9.979999221397781728e-01
1.690000000000000000e+02 9.979746428645746015e-01
1.700000000000000000e+02 9.979495152960565774e-01
1.710000000000000000e+02 9.979245470839183119e-01
1.720000000000000000e+02 9.978997458291269940e-01
1.730000000000000000e+02 9.978751190816108618e-01
1.740000000000000000e+02 9.978506743379639277e-01
1.750000000000000000e+02 9.978264190391744615e-01
1.760000000000000000e+02 9.978023605683546959e-01
1.770000000000000000e+02 9.977785062485093892e-01
1.780000000000000000e+02 9.977548633403041656e-01
1.790000000000000000e+02 9.977314390398629440e-01
1.800000000000000000e+02 9.977082404765830193e-01
1.810000000000000000e+02 9.976852747109709041e-01
1.820000000000000000e+02 9.976625487324983776e-01
1.830000000000000000e+02 9.976400694574804051e-01
1.840000000000000000e+02 9.976178437269779264e-01
1.850000000000000000e+02 9.975958783047180756e-01
1.860000000000000000e+02 9.975741798750475953e-01
1.870000000000000000e+02 9.975527550408961330e-01
1.880000000000000000e+02 9.975316103217830577e-01
1.890000000000000000e+02 9.975107521518326026e-01
1.900000000000000000e+02 9.974901868778219827e-01
1.910000000000000000e+02 9.974699207572630399e-01
1.920000000000000000e+02 9.974499599564956576e-01
1.930000000000000000e+02 9.974303105488266930e-01
1.940000000000000000e+02 9.974109785126802352e-01
1.950000000000000000e+02 9.973919697297913833e-01
1.960000000000000000e+02 9.973732899834203414e-01
1.970000000000000000e+02 9.973549449565971559e-01
1.980000000000000000e+02 9.973369402304054221e-01
1.990000000000000000e+02 9.973192812822839759e-01
2.000000000000000000e+02 9.973019734843724393e-01
2.010000000000000000e+02 9.972850221018759731e-01
2.020000000000000000e+02 9.972684322914809885e-01
2.030000000000000000e+02 9.972522090997816280e-01
2.040000000000000000e+02 9.972363574617578719e-01
2.050000000000000000e+02 9.972208821992756267e-01
2.060000000000000000e+02 9.972057880196326662e-01
2.070000000000000000e+02 9.971910795141246675e-01
2.080000000000000000e+02 9.971767611566608736e-01
2.090000000000000000e+02 9.971628373024072900e-01
2.100000000000000000e+02 9.971493121864679621e-01
2.110000000000000000e+02 9.971361899225995584e-01
2.120000000000000000e+02 9.971234745019703638e-01
2.130000000000000000e+02 9.971111697919501360e-01
2.140000000000000000e+02 9.970992795349380433e-01
2.150000000000000000e+02 9.970878073472291270e-01
2.160000000000000000e+02 9.970767567179227298e-01
2.170000000000000000e+02 9.970661310078648976e-01
2.180000000000000000e+02 9.970559334486301939e-01
2.190000000000000000e+02 9.970461671415412619e-01
2.200000000000000000e+02 9.970368350567377913e-01
2.210000000000000000e+02 9.970279400322690222e-01
2.220000000000000000e+02 9.970194847732395393e-01
2.230000000000000000e+02 9.970114718509910379e-01
2.240000000000000000e+02 9.970039037023211703e-01
2.250000000000000000e+02 9.969967826287489121e-01
2.260000000000000000e+02 9.969901107958163422e-01
2.270000000000000000e+02 9.969838902324344998e-01
2.280000000000000000e+02 9.969781228302669884e-01
2.290000000000000000e+02 9.969728103431656496e-01
2.300000000000000000e+02 9.969679543866268867e-01
2.310000000000000000e+02 9.969635564373149350e-01
2.320000000000000000e+02 9.969596178326066704e-01
2.330000000000000000e+02 9.969561397701947048e-01
2.340000000000000000e+02 9.969531233077172372e-01
2.350000000000000000e+02 9.969505693624434173e-01
2.360000000000000000e+02 9.969484787109940127e-01
2.370000000000000000e+02 9.969468519891063751e-01
2.380000000000000000e+02 9.969456896914409283e-01
2.390000000000000000e+02 9.969449921714388374e-01
2.400000000000000000e+02 9.969447596412013279e-01
2.410000000000000000e+02 9.969449921714390594e-01
2.420000000000000000e+02 9.969456896914414834e-01
2.430000000000000000e+02 9.969468519891054870e-01
2.440000000000000000e+02 9.969484787109940127e-01
2.450000000000000000e+02 9.969505693624430842e-01
2.460000000000000000e+02 9.969531233077170151e-01
2.470000000000000000e+02 9.969561397701951488e-01
2.480000000000000000e+02 9.969596178326070035e-01
2.490000000000000000e+02 9.969635564373149350e-01
2.500000000000000000e+02 9.969679543866277749e-01
2.510000000000000000e+02 9.969728103431654276e-01
2.520000000000000000e+02 9.969781228302674325e-01
2.530000000000000000e+02 9.969838902324338337e-01
2.540000000000000000e+02 9.969901107958168973e-01
2.550000000000000000e+02 9.969967826287488011e-01
2.560000000000000000e+02 9.970039037023215034e-01
2.570000000000000000e+02 9.970114718509910379e-01
2.580000000000000000e+02 9.970194847732398724e-01
2.590000000000000000e+02 9.970279400322685781e-01
2.600000000000000000e+02 9.970368350567376803e-01
2.610000000000000000e+02 9.970461671415410398e-01
2.620000000000000000e+02 9.970559334486298608e-01
2.630000000000000000e+02 9.970661310078647865e-01
2.640000000000000000e+02 9.970767567179227298e-01
2.650000000000000000e+02 9.970878073472291270e-01
2.660000000000000000e+02 9.970992795349379323e-01
2.670000000000000000e+02 9.971111697919501360e-01
2.680000000000000000e+02 9.971234745019706969e-01
2.690000000000000000e+02 9.971361899225995584e-01
2.700000000000000000e+02 9.971493121864677400e-01
2.710000000000000000e+02 9.971628373024066239e-01
2.720000000000000000e+02 9.971767611566609846e-01
2.730000000000000000e+02 9.971910795141243344e-01
2.740000000000000000e+02 9.972057880196323332e-01
2.750000000000000000e+02 9.972208821992756267e-01
2.760000000000000000e+02 9.972363574617575388e-01
2.770000000000000000e+02 9.972522090997824051e-01
2.780000000000000000e+02 9.972684322914808774e-01
2.790000000000000000e+02 9.972850221018761951e-01
2.800000000000000000e+02 9.973019734843717732e-01
2.810000000000000000e+02 9.973192812822841979e-01
2.820000000000000000e+02 9.973369402304054221e-01
2.830000000000000000e+02 9.973549449565967118e-01
2.840000000000000000e+02 9.973732899834201193e-01
2.850000000000000000e+02 9.973919697297918274e-01
2.860000000000000000e+02 9.974109785126802352e-01
2.870000000000000000e+02 9.974303105488259158e-01
2.880000000000000000e+02 9.974499599564958796e-01
2.890000000000000000e+02 9.974699207572632620e-01
2.900000000000000000e+02 9.974901868778218716e-01
2.910000000000000000e+02 9.975107521518326026e-01
2.920000000000000000e+02 9.975316103217830577e-01
2.930000000000000000e+02 9.975527550408965771e-01
2.940000000000000000e+02 9.975741798750468181e-01
2.950000000000000000e+02 9.975958783047184086e-01
2.960000000000000000e+02 9.976178437269785926e-01
2.970000000000000000e+02 9.976400694574802941e-01
2.980000000000000000e+02 9.976625487324985997e-01
2.990000000000000000e+02 9.976852747109707931e-01
3.000000000000000000e+02 9.977082404765836854e-01
3.010000000000000000e+02 9.977314390398624999e-01
3.020000000000000000e+02 9.977548633403038325e-01
3.030000000000000000e+02 9.977785062485097223e-01
3.040000000000000000e+02 9.978023605683551400e-01
3.050000000000000000e+02 9.978264190391736843e-01
3.060000000000000000e+02 9.978506743379642607e-01
3.070000000000000000e+02 9.978751190816108618e-01
3.080000000000000000e+02 9.978997458291267719e-01
3.090000000000000000e+02 9.979245470839183119e-01
3.100000000000000000e+02 9.979495152960564663e-01
3.110000000000000000e+02 9.979746428645747125e-01
3.120000000000000000e+02 9.979999221397787279e-01
3.130000000000000000e+02 9.980253454255690881e-01
3.140000000000000000e+02 9.980509049817811729e-01
3.150000000000000000e+02 9.980765930265413921e-01
3.160000000000000000e+02 9.981024017386271874e-01
3.170000000000000000e+02 9.981283232598491262e-01
3.180000000000000000e+02 9.981543496974384366e-01
3.190000000000000000e+02 9.981804731264493080e-01
3.200000000000000000e+02 9.982066855921670756e-01
3.210000000000000000e+02 9.982329791125296170e-01
3.220000000000000000e+02 9.982593456805562981e-01
3.230000000000000000e+02 9.982857772667813601e-01
3.240000000000000000e+02 9.983122658216991852e-01
3.250000000000000000e+02 9.983388032782140042e-01
3.260000000000000000e+02 9.983653815540952658e-01
3.270000000000000000e+02 9.983919925544386675e-01
3.280000000000000000e+02 9.984175401340215084e-01
3.290000000000000000e+02 9.984169585858730933e-01
3.300000000000000000e+02 9.984163937585467385e-01
3.310000000000000000e+02 9.984158458179696050e-01
3.320000000000000000e+02 9.984153149250502013e-01
3.330000000000000000e+02 9.984148012356317547e-01
3.340000000000000000e+02 9.984143049004547965e-01
3.350000000000000000e+02 9.984138260651171937e-01
3.360000000000000000e+02 9.984133648700352914e-01
3.370000000000000000e+02 9.984129214504104954e-01
3.380000000000000000e+02 9.984124959361927454e-01
3.390000000000000000e+02 9.984120884520456540e-01
3.400000000000000000e+02 9.984116991173207500e-01
3.410000000000000000e+02 9.984113280460198414e-01
3.420000000000000000e+02 9.984109753467690362e-01
3.430000000000000000e+02 9.984106411227889888e-01
3.440000000000000000e+02 9.984103254718739162e-01
3.450000000000000000e+02 9.984100284863612895e-01
3.460000000000000000e+02 9.984097502531097401e-01
3.470000000000000000e+02 9.984094908534771884e-01
3.480000000000000000e+02 9.984092503633007487e-01
3.490000000000000000e+02 9.984090288528795210e-01
3.500000000000000000e+02 9.984088263869502766e-01
3.510000000000000000e+02 9.984086430246789101e-01
3.520000000000000000e+02 9.984084788196374571e-01
3.530000000000000000e+02 9.984083338197985436e-01
3.540000000000000000e+02 9.984082080675212856e-01
3.550000000000000000e+02 9.984081015995320829e-01
3.560000000000000000e+02 9.984080144469292817e-01
3.570000000000000000e+02 9.984079466351651888e-01
3.580000000000000000e+02 9.984078981840400768e-01
3.590000000000000000e+02 9.984078691077061807e-01
3.600000000000000000e+02 9.984078594146506003e-01
