0.000000000000000000e+00 9.984720505662829648e-01
1.000000000000000000e+00 9.984720439989183127e-01
2.000000000000000000e+00 9.984720375732701880e-01
3.000000000000000000e+00 9.984720312971668843e-01
4.000000000000000000e+00 9.984720251782560618e-01
5.000000000000000000e+00 9.984720192239916470e-01
6.000000000000000000e+00 9.984720134416277260e-01
7.000000000000000000e+00 9.984720078382102182e-01
8.000000000000000000e+00 9.984720024205653299e-01
9.000000000000000000e+00 9.984719971952937811e-01
1.000000000000000000e+01 9.984719921687615907e-01
1.100000000000000000e+01 9.984719873470933038e-01
1.200000000000000000e+01 9.984719827361628885e-01
1.300000000000000000e+01 9.984719783415880734e-01
1.400000000000000000e+01 9.984719741687237970e-01
1.500000000000000000e+01 9.984719702226532156e-01
1.600000000000000000e+01 9.984719665081837059e-01
1.700000000000000000e+01 9.984719630298413140e-01
1.800000000000000000e+01 9.984719597918644274e-01
1.900000000000000000e+01 9.984719567981972244e-01
2.000000000000000000e+01 9.984719540524868986e-01
2.100000000000000000e+01 9.984719515580789961e-01
2.200000000000000000e+01 9.984719493180124195e-01
2.300000000000000000e+01 9.984719473350168739e-01
2.400000000000000000e+01 9.984719456115078717e-01
2.500000000000000000e+01 9.984719441495855108e-01
2.600000000000000000e+01 9.984719429510302557e-01
2.700000000000000000e+01 9.984719420173031601e-01
2.800000000000000000e+01 9.984719413495413143e-01
2.900000000000000000e+01 9.984719409485582897e-01
3.000000000000000000e+01 9.984719408148434727e-01
3.100000000000000000e+01 9.984719409485582897e-01
3.200000000000000000e+01 9.984719413495410922e-01
3.300000000000000000e+01 9.984719420173032711e-01
3.400000000000000000e+01 9.984719429510303668e-01
3.500000000000000000e+01 9.984719441495853998e-01
3.600000000000000000e+01 9.984719456115078717e-01
3.700000000000000000e+01 9.984719473350170960e-01
3.800000000000000000e+01 9.984719493180125305e-01
3.900000000000000000e+01 9.984719515580789961e-01
4.000000000000000000e+01 9.984719540524867876e-01
4.100000000000000000e+01 9.984719567981971133e-01
4.200000000000000000e+01 9.984719597918642053e-01
4.300000000000000000e+01 9.984719630298415360e-01
4.400000000000000000e+01 9.984719665081837059e-01
4.500000000000000000e+01 9.984719702226529936e-01
4.600000000000000000e+01 9.984719741687237970e-01
4.700000000000000000e+01 9.984719783415879624e-01
4.800000000000000000e+01 9.984719827361626665e-01
4.900000000000000000e+01 9.984719873470933038e-01
5.000000000000000000e+01 9.984719921687615907e-01
5.100000000000000000e+01 9.984719971952937811e-01
5.200000000000000000e+01 9.984720024205654409e-01
5.300000000000000000e+01 9.984720078382104402e-01
5.400000000000000000e+01 9.984720134416277260e-01
5.500000000000000000e+01 9.984720192239915360e-01
5.600000000000000000e+01 9.984720251782560618e-01
5.700000000000000000e+01 9.984720312971669953e-01
5.800000000000000000e+01 9.984720375732702990e-01
5.900000000000000000e+01 9.984720439989185348e-01
6.000000000000000000e+01 9.984720505662829648e-01
6.100000000000000000e+01 9.984720572673626560e-01
6.200000000000000000e+01 9.984720640939934722e-01
6.300000000000000000e+01 9.984720710378581776e-01
6.400000000000000000e+01 9.984720780904963178e-01
6.500000000000000000e+01 9.984720852433160987e-01
6.600000000000000000e+01 9.984720924876019366e-01
6.700000000000000000e+01 9.984720998145291126e-01
6.800000000000000000e+01 9.984721072151692134e-01
6.900000000000000000e+01 9.984721146805076719e-01
7.000000000000000000e+01 9.984721222014470987e-01
7.100000000000000000e+01 9.984721297688254893e-01
7.200000000000000000e+01 9.984721373734236627e-01
7.300000000000000000e+01 9.984721450059750314e-01
7.400000000000000000e+01 9.984721526571819217e-01
7.500000000000000000e+01 9.984721603177219018e-01
7.600000000000000000e+01 9.984721679782618819e-01
7.700000000000000000e+01 9.984721756294688833e-01
7.800000000000000000e+01 9.984721832620201409e-01
7.900000000000000000e+01 9.984721908666179813e-01
8.000000000000000000e+01 9.984721984339969270e-01
8.100000000000000000e+01 9.984722059549365758e-01
8.200000000000000000e+01 9.984722134202747013e-01
8.300000000000000000e+01 9.984722208209151351e-01
8.400000000000000000e+01 9.984722281478416450e-01
8.500000000000000000e+01 9.984722353921280380e-01
8.600000000000000000e+01 9.984722425449479299e-01
8.700000000000000000e+01 9.984722495975860701e-01
8.800000000000000000e+01 9.984722565414503315e-01
8.900000000000000000e+01 9.984722633680814807e-01
9.000000000000000000e+01 9.984722700691611719e-01
9.100000000000000000e+01 9.984730669849076756e-01
9.200000000000000000e+01 9.984741930792365716e-01
9.300000000000000000e+01 9.984753187544462838e-01
9.400000000000000000e+01 9.984764436670343635e-01
9.500000000000000000e+01 9.984775674734890361e-01
9.600000000000000000e+01 9.984786898303915637e-01
9.700000000000000000e+01 9.984798103945268233e-01
9.800000000000000000e+01 9.984809288229841151e-01
9.900000000000000000e+01 9.984820447732688509e-01
1.000000000000000000e+02 9.984831579034026960e-01
1.010000000000000000e+02 9.984842678720384779e-01
1.020000000000000000e+02 9.984853743385581071e-01
1.030000000000000000e+02 9.984864769631867087e-01
1.040000000000000000e+02 9.984875754070973164e-01
1.050000000000000000e+02 9.984886693325106810e-01
1.060000000000000000e+02 9.984897584028163964e-01
1.070000000000000000e+02 9.984908422826659358e-01
1.080000000000000000e+02 9.984919206380862278e-01
1.090000000000000000e+02 9.984929931365832401e-01
1.100000000000000000e+02 9.984940594472522246e-01
1.110000000000000000e+02 9.984951192408785259e-01
1.120000000000000000e+02 9.984961721900433851e-01
1.130000000000000000e+02 9.984972179692378491e-01
1.140000000000000000e+02 9.984982562549536977e-01
1.150000000000000000e+02 9.984992867258015714e-01
1.160000000000000000e+02 9.985003090626041189e-01
1.170000000000000000e+02 9.985013229485077968e-01
1.180000000000000000e+02 9.985023280690835668e-01
1.190000000000000000e+02 9.985033241124258163e-01
1.200000000000000000e+02 9.985043107692583852e-01
1.210000000000000000e+02 9.985052877330359289e-01
1.220000000000000000e+02 9.985062547000423949e-01
1.230000000000000000e+02 9.985072113694940521e-01
1.240000000000000000e+02 9.985081574436334151e-01
1.250000000000000000e+02 9.985090926278336054e-01
1.260000000000000000e+02 9.985100166306919434e-01
1.270000000000000000e+02 9.985109291641303120e-01
1.280000000000000000e+02 9.985118299434855293e-01
1.290000000000000000e+02 9.985127186876108230e-01
1.300000000000000000e+02 9.985135951189642034e-01
1.310000000000000000e+02 9.985144589637038326e-01
1.320000000000000000e+02 9.985153099517800612e-01
1.330000000000000000e+02 9.985161478170244687e-01
1.340000000000000000e+02 9.985169722972416784e-01
1.350000000000000000e+02 9.985177831342951782e-01
1.360000000000000000e+02 9.985185800741968043e-01
1.370000000000000000e+02 9.985193628671908961e-01
1.380000000000000000e+02 9.985201312678405605e-01
1.390000000000000000e+02 9.985208850351097176e-01
1.400000000000000000e+02 9.985216239324433696e-01
1.410000000000000000e+02 9.985223477278530879e-01
1.420000000000000000e+02 9.985230561939907323e-01
1.430000000000000000e+02 9.985237491082302741e-01
1.440000000000000000e+02 9.985244262527401826e-01
1.450000000000000000e+02 9.985250874145608080e-01
1.460000000000000000e+02 9.985257323856777667e-01
1.470000000000000000e+02 9.985263609630887771e-01
1.480000000000000000e+02 9.985252545249553302e-01
1.490000000000000000e+02 9.984986015968113637e-01
1.500000000000000000e+02 9.984722700691610608e-01
1.510000000000000000e+02 9.984722633680815918e-01
1.520000000000000000e+02 9.984722565414502204e-01
1.530000000000000000e+02 9.984722495975860701e-01
1.540000000000000000e+02 9.984722425449477079e-01
1.550000000000000000e+02 9.984722353921279270e-01
1.560000000000000000e+02 9.984722281478417560e-01
1.570000000000000000e+02 9.984722208209151351e-01
1.580000000000000000e+02 9.984722134202744792e-01
1.590000000000000000e+02 9.984722059549365758e-01
1.600000000000000000e+02 9.984721984339968159e-01
1.610000000000000000e+02 9.984721908666180923e-01
1.620000000000000000e+02 9.984721832620201409e-01
1.630000000000000000e+02 9.984721756294689943e-01
1.640000000000000000e+02 9.984721679782618819e-01
1.650000000000000000e+02 9.984721603177219018e-01
1.660000000000000000e+02 9.984721526571820327e-01
1.670000000000000000e+02 9.984721450059751424e-01
1.680000000000000000e+02 9.984721373734235517e-01
1.690000000000000000e+02 9.984721297688256003e-01
1.700000000000000000e+02 9.984721222014470987e-01
1.710000000000000000e+02 9.984721146805076719e-01
1.720000000000000000e+02 9.984721072151692134e-01
1.730000000000000000e+02 9.984720998145288906e-01
1.740000000000000000e+02 9.984720924876019366e-01
1.750000000000000000e+02 9.984720852433162097e-01
1.760000000000000000e+02 9.984720780904962067e-01
1.770000000000000000e+02 9.984720710378580666e-01
1.780000000000000000e+02 9.984720640939936942e-01
1.790000000000000000e+02 9.984720572673626560e-01
1.800000000000000000e+02 9.984720505662829648e-01
1.810000000000000000e+02 9.984720439989185348e-01
1.820000000000000000e+02 9.984720375732701880e-01
1.830000000000000000e+02 9.984720312971669953e-01
1.840000000000000000e+02 9.984720251782560618e-01
1.850000000000000000e+02 9.984720192239916470e-01
1.860000000000000000e+02 9.984720134416278370e-01
1.870000000000000000e+02 9.984720078382104402e-01
1.880000000000000000e+02 9.984720024205652189e-01
1.890000000000000000e+02 9.984719971952937811e-01
1.900000000000000000e+02 9.984719921687615907e-01
1.910000000000000000e+02 9.984719873470933038e-01
1.920000000000000000e+02 9.984719827361629996e-01
1.930000000000000000e+02 9.984719783415881844e-01
1.940000000000000000e+02 9.984719741687236860e-01
1.950000000000000000e+02 9.984719702226531046e-01
1.960000000000000000e+02 9.984719665081837059e-01
1.970000000000000000e+02 9.984719630298413140e-01
1.980000000000000000e+02 9.984719597918643164e-01
1.990000000000000000e+02 9.984719567981972244e-01
2.000000000000000000e+02 9.984719540524868986e-01
2.010000000000000000e+02 9.984719515580788851e-01
2.020000000000000000e+02 9.984719493180125305e-01
2.030000000000000000e+02 9.984719473350168739e-01
2.040000000000000000e+02 9.984719456115077607e-01
2.050000000000000000e+02 9.984719441495855108e-01
2.060000000000000000e+02 9.984719429510302557e-01
2.070000000000000000e+02 9.984719420173031601e-01
2.080000000000000000e+02 9.984719413495410922e-01
2.090000000000000000e+02 9.984719409485585118e-01
2.100000000000000000e+02 9.984719408148432507e-01
2.110000000000000000e+02 9.984719409485585118e-01
2.120000000000000000e+02 9.984719413495410922e-01
2.130000000000000000e+02 9.984719420173031601e-01
2.140000000000000000e+02 9.984719429510303668e-01
2.150000000000000000e+02 9.984719441495855108e-01
2.160000000000000000e+02 9.984719456115077607e-01
2.170000000000000000e+02 9.984719473350168739e-01
2.180000000000000000e+02 9.984719493180125305e-01
2.190000000000000000e+02 9.984719515580789961e-01
2.200000000000000000e+02 9.984719540524867876e-01
2.210000000000000000e+02 9.984719567981971133e-01
2.220000000000000000e+02 9.984719597918644274e-01
2.230000000000000000e+02 9.984719630298412030e-01
2.240000000000000000e+02 9.984719665081837059e-01
2.250000000000000000e+02 9.984719702226532156e-01
2.260000000000000000e+02 9.984719741687236860e-01
2.270000000000000000e+02 9.984719783415881844e-01
2.280000000000000000e+02 9.984719827361628885e-01
2.290000000000000000e+02 9.984719873470931928e-01
2.300000000000000000e+02 9.984719921687615907e-01
2.310000000000000000e+02 9.984719971952940032e-01
2.320000000000000000e+02 9.984720024205653299e-01
2.330000000000000000e+02 9.984720078382102182e-01
2.340000000000000000e+02 9.984720134416277260e-01
2.350000000000000000e+02 9.984720192239915360e-01
2.360000000000000000e+02 9.984720251782561729e-01
2.370000000000000000e+02 9.984720312971671063e-01
2.380000000000000000e+02 9.984720375732701880e-01
2.390000000000000000e+02 9.984720439989186458e-01
2.400000000000000000e+02 9.984720505662827428e-01
2.410000000000000000e+02 9.984720572673626560e-01
2.420000000000000000e+02 9.984720640939938052e-01
2.430000000000000000e+02 9.984720710378581776e-01
2.440000000000000000e+02 9.984720780904963178e-01
2.450000000000000000e+02 9.984720852433160987e-01
2.460000000000000000e+02 9.984720924876019366e-01
2.470000000000000000e+02 9.984720998145291126e-01
2.480000000000000000e+02 9.984721072151694354e-01
2.490000000000000000e+02 9.984721146805077829e-01
2.500000000000000000e+02 9.984721222014469877e-01
2.510000000000000000e+02 9.984721297688257113e-01
2.520000000000000000e+02 9.984721373734236627e-01
2.530000000000000000e+02 9.984721450059749204e-01
2.540000000000000000e+02 9.984721526571820327e-01
2.550000000000000000e+02 9.984721603177219018e-01
2.560000000000000000e+02 9.984721679782618819e-01
2.570000000000000000e+02 9.984721756294688833e-01
2.580000000000000000e+02 9.984721832620203630e-01
2.590000000000000000e+02 9.984721908666180923e-01
2.600000000000000000e+02 9.984721984339967049e-01
2.610000000000000000e+02 9.984722059549365758e-01
2.620000000000000000e+02 9.984722134202744792e-01
2.630000000000000000e+02 9.984722208209151351e-01
2.640000000000000000e+02 9.984722281478414230e-01
2.650000000000000000e+02 9.984722353921279270e-01
2.660000000000000000e+02 9.984722425449477079e-01
2.670000000000000000e+02 9.984722495975861811e-01
2.680000000000000000e+02 9.984722565414502204e-01
2.690000000000000000e+02 9.984722633680814807e-01
2.700000000000000000e+02 9.984719408148433617e-01
2.710000000000000000e+02 9.984708149122105691e-01
2.720000000000000000e+02 9.984696896198466121e-01
2.730000000000000000e+02 9.984685652801605915e-01
2.740000000000000000e+02 9.984674422350271472e-01
2.750000000000000000e+02 9.984663208256826517e-01
2.760000000000000000e+02 9.984652013926245129e-01
2.770000000000000000e+02 9.984640842755079237e-01
2.780000000000000000e+02 9.984629698130420561e-01
2.790000000000000000e+02 9.984618583428900296e-01
2.800000000000000000e+02 9.984607502015715452e-01
2.810000000000000000e+02 9.984596457243570811e-01
2.820000000000000000e+02 9.984585452451720800e-01
2.830000000000000000e+02 9.984574490964973625e-01
2.840000000000000000e+02 9.984563576092718717e-01
2.850000000000000000e+02 9.984552711127960833e-01
2.860000000000000000e+02 9.984541899346318639e-01
2.870000000000000000e+02 9.984531144005113212e-01
2.880000000000000000e+02 9.984520448342407706e-01
2.890000000000000000e+02 9.984509815576037006e-01
2.900000000000000000e+02 9.984499248902711788e-01
2.910000000000000000e+02 9.984488751497102577e-01
2.920000000000000000e+02 9.984478326510859425e-01
2.930000000000000000e+02 9.984467977071830314e-01
2.940000000000000000e+02 9.984457706283017542e-01
2.950000000000000000e+02 9.984447517221820556e-01
2.960000000000000000e+02 9.984437412939086709e-01
2.970000000000000000e+02 9.984427396458269710e-01
2.980000000000000000e+02 9.984417470774571424e-01
2.990000000000000000e+02 9.984407638854118083e-01
3.000000000000000000e+02 9.984397903633085436e-01
3.010000000000000000e+02 9.984388268016899382e-01
3.020000000000000000e+02 9.984378734879445494e-01
3.030000000000000000e+02 9.984369307062227472e-01
3.040000000000000000e+02 9.984359987373606637e-01
3.050000000000000000e+02 9.984350778587998132e-01
3.060000000000000000e+02 9.984341683445132620e-01
3.070000000000000000e+02 9.984332704649285795e-01
3.080000000000000000e+02 9.984323844868543407e-01
3.090000000000000000e+02 9.984315106734047429e-01
3.100000000000000000e+02 9.984306492839311042e-01
3.110000000000000000e+02 9.984298005739488113e-01
3.120000000000000000e+02 9.984289647950685964e-01
3.130000000000000000e+02 9.984281421949270374e-01
3.140000000000000000e+02 9.984273330171230532e-01
3.150000000000000000e+02 9.984265375011506238e-01
3.160000000000000000e+02 9.984257558823285139e-01
3.170000000000000000e+02 9.984249883917479806e-01
3.180000000000000000e+02 9.984242352562011646e-01
3.190000000000000000e+02 9.984234966981287984e-01
3.200000000000000000e+02 9.984227729355517056e-01
3.210000000000000000e+02 9.984220641820208408e-01
3.220000000000000000e+02 9.984213706465594473e-01
3.230000000000000000e+02 9.984206925336014393e-01
3.240000000000000000e+02 9.984200300429445507e-01
3.250000000000000000e+02 9.984193833696958231e-01
3.260000000000000000e+02 9.984187527042193144e-01
3.270000000000000000e+02 9.984181382320841402e-01
3.280000000000000000e+02 9.984186281741278535e-01
3.290000000000000000e+02 9.984452803003061039e-01
3.300000000000000000e+02 9.984719408148433617e-01
3.310000000000000000e+02 9.984722633680815918e-01
3.320000000000000000e+02 9.984722565414503315e-01
3.330000000000000000e+02 9.984722495975860701e-01
3.340000000000000000e+02 9.984722425449477079e-01
3.350000000000000000e+02 9.984722353921280380e-01
3.360000000000000000e+02 9.984722281478414230e-01
3.370000000000000000e+02 9.984722208209151351e-01
3.380000000000000000e+02 9.984722134202744792e-01
3.390000000000000000e+02 9.984722059549365758e-01
3.400000000000000000e+02 9.984721984339968159e-01
3.410000000000000000e+02 9.984721908666179813e-01
3.420000000000000000e+02 9.984721832620204740e-01
3.430000000000000000e+02 9.984721756294688833e-01
3.440000000000000000e+02 9.984721679782618819e-01
3.450000000000000000e+02 9.984721603177220128e-01
3.460000000000000000e+02 9.984721526571819217e-01
3.470000000000000000e+02 9.984721450059750314e-01
3.480000000000000000e+02 9.984721373734235517e-01
3.490000000000000000e+02 9.984721297688257113e-01
3.500000000000000000e+02 9.984721222014468767e-01
3.510000000000000000e+02 9.984721146805077829e-01
3.520000000000000000e+02 9.984721072151694354e-01
3.530000000000000000e+02 9.984720998145291126e-01
3.540000000000000000e+02 9.984720924876019366e-01
3.550000000000000000e+02 9.984720852433159877e-01
3.560000000000000000e+02 9.984720780904962067e-01
3.570000000000000000e+02 9.984720710378580666e-01
3.580000000000000000e+02 9.984720640939936942e-01
3.590000000000000000e+02 9.984720572673626560e-01
3.600000000000000000e+02 9.984720505662829648e-01
