0.000000000000000000e+00 4.961129148356874097e-15
1.000000000000000000e+00 5.012804040153560243e-15
2.000000000000000000e+00 5.063979756529138969e-15
3.000000000000000000e+00 5.114640065227240660e-15
4.000000000000000000e+00 5.164769995009757133e-15
5.000000000000000000e+00 5.214354252676472562e-15
6.000000000000000000e+00 5.263377866989280342e-15
7.000000000000000000e+00 5.311825813049721409e-15
8.000000000000000000e+00 5.359683763543908379e-15
9.000000000000000000e+00 5.406937176516547986e-15
1.000000000000000000e+01 5.453571295370940295e-15
1.100000000000000000e+01 5.499572436717417145e-15
1.200000000000000000e+01 5.544926219581739485e-15
1.300000000000000000e+01 5.589619282536349950e-15
1.400000000000000000e+01 5.633638103172636172e-15
1.500000000000000000e+01 5.676969239572512101e-15
1.600000000000000000e+01 5.719599464459299934e-15
1.700000000000000000e+01 5.761516087159837759e-15
1.800000000000000000e+01 5.802706309680258749e-15
1.900000000000000000e+01 5.843157629158632222e-15
2.000000000000000000e+01 5.882857596393378374e-15
2.100000000000000000e+01 5.921794620748543296e-15
2.200000000000000000e+01 5.959956789626063072e-15
2.300000000000000000e+01 5.997332566050336250e-15
2.400000000000000000e+01 6.033910359385409710e-15
2.500000000000000000e+01 6.069679222919547976e-15
2.600000000000000000e+01 6.104628853865237164e-15
2.700000000000000000e+01 6.138747822567578368e-15
2.800000000000000000e+01 6.172026577483981050e-15
2.900000000000000000e+01 6.204454332883765527e-15
3.000000000000000000e+01 6.236021805526098024e-15
3.100000000000000000e+01 6.266719551189091338e-15
3.200000000000000000e+01 6.296537696368042558e-15
3.300000000000000000e+01 6.325467709067043624e-15
3.400000000000000000e+01 6.353500735328072522e-15
3.500000000000000000e+01 6.380628189494867156e-15
3.600000000000000000e+01 6.406841968854332015e-15
3.700000000000000000e+01 6.432134238995126774e-15
3.800000000000000000e+01 6.456497111845560226e-15
3.900000000000000000e+01 6.479923235937459421e-15
4.000000000000000000e+01 6.502405581764759048e-15
4.100000000000000000e+01 6.523937602764559592e-15
4.200000000000000000e+01 6.544512537732554870e-15
4.300000000000000000e+01 6.564124215728306253e-15
4.400000000000000000e+01 6.582766948754539334e-15
4.500000000000000000e+01 6.600434565870817850e-15
4.600000000000000000e+01 6.617122023004085827e-15
4.700000000000000000e+01 6.632824437062345451e-15
4.800000000000000000e+01 6.647536871293246450e-15
4.900000000000000000e+01 6.661254710906546981e-15
5.000000000000000000e+01 6.673974146017281004e-15
5.100000000000000000e+01 6.685691259419779145e-15
5.200000000000000000e+01 6.696402402210129580e-15
5.300000000000000000e+01 6.706104193786180398e-15
5.400000000000000000e+01 6.714794112111404009e-15
5.500000000000000000e+01 6.722469259526811145e-15
5.600000000000000000e+01 6.729127221316579128e-15
5.700000000000000000e+01 6.734766065708048710e-15
5.800000000000000000e+01 6.739384182890670648e-15
5.900000000000000000e+01 6.742980177695302373e-15
6.000000000000000000e+01 6.745552896424384211e-15
6.100000000000000000e+01 6.747101453682113252e-15
6.200000000000000000e+01 6.747625554336556507e-15
6.300000000000000000e+01 6.747125171557536959e-15
6.400000000000000000e+01 6.745599983382946179e-15
6.500000000000000000e+01 6.743050526416299266e-15
6.600000000000000000e+01 6.739477873864629574e-15
6.700000000000000000e+01 6.734883259916024671e-15
6.800000000000000000e+01 6.729267274834352902e-15
6.900000000000000000e+01 6.722632386995788614e-15
7.000000000000000000e+01 6.714980313531585172e-15
7.100000000000000000e+01 6.706313200855808495e-15
7.200000000000000000e+01 6.696633946627445482e-15
7.300000000000000000e+01 6.685945180203727063e-15
7.400000000000000000e+01 6.674250496828213392e-15
7.500000000000000000e+01 6.661553169782353834e-15
7.600000000000000000e+01 6.647856847970060212e-15
7.700000000000000000e+01 6.633166199841924461e-15
7.800000000000000000e+01 6.617485088943265075e-15
7.900000000000000000e+01 6.600818559347134874e-15
8.000000000000000000e+01 6.583171762447292376e-15
8.100000000000000000e+01 6.564549527675384519e-15
8.200000000000000000e+01 6.544958079632200809e-15
8.300000000000000000e+01 6.524402623371849857e-15
8.400000000000000000e+01 6.502890134740045306e-15
8.500000000000000000e+01 6.480426570035819115e-15
8.600000000000000000e+01 6.457019012425586684e-15
8.700000000000000000e+01 6.432674384094709201e-15
8.800000000000000000e+01 6.407400277982944093e-15
8.900000000000000000e+01 6.381203857747233869e-15
9.000000000000000000e+01 6.354093252930852634e-15
9.100000000000000000e+01 6.326076861378831252e-15
9.200000000000000000e+01 6.297162839464619268e-15
9.300000000000000000e+01 6.267360363108345545e-15
9.400000000000000000e+01 6.236677749664513841e-15
9.500000000000000000e+01 6.205125087279233738e-15
9.600000000000000000e+01 6.172711229910523302e-15
9.700000000000000000e+01 6.139446319364842995e-15
9.800000000000000000e+01 6.105340390127949939e-15
9.900000000000000000e+01 6.070403584006301439e-15
1.000000000000000000e+02 6.034646472089172085e-15
1.010000000000000000e+02 5.998080323050404203e-15
1.020000000000000000e+02 5.960715493337864922e-15
1.030000000000000000e+02 5.922564002870320704e-15
1.040000000000000000e+02 5.883636852019857114e-15
1.050000000000000000e+02 5.843946087535417632e-15
1.060000000000000000e+02 5.803503648845240034e-15
1.070000000000000000e+02 5.762321529037915342e-15
1.080000000000000000e+02 5.720412794409068723e-15
1.090000000000000000e+02 5.677789572198169972e-15
1.100000000000000000e+02 5.634465009191368996e-15
1.110000000000000000e+02 5.590452091193763065e-15
1.120000000000000000e+02 5.545764394274316213e-15
1.130000000000000000e+02 5.500415172539883259e-15
1.140000000000000000e+02 5.454418538662944128e-15
1.150000000000000000e+02 5.407787907731408641e-15
1.160000000000000000e+02 5.360537875360921731e-15
1.170000000000000000e+02 5.312682446903261565e-15
1.180000000000000000e+02 5.264236325294776411e-15
1.190000000000000000e+02 5.215214052490759534e-15
1.200000000000000000e+02 5.165630599729319120e-15
1.210000000000000000e+02 5.115500991908911864e-15
1.220000000000000000e+02 5.064840361248700956e-15
1.230000000000000000e+02 5.013664215590308889e-15
1.240000000000000000e+02 4.961987955454655611e-15
1.250000000000000000e+02 4.909827303324771079e-15
1.260000000000000000e+02 4.857197928023333578e-15
1.270000000000000000e+02 4.804116088636889739e-15
1.280000000000000000e+02 4.750597507648467941e-15
1.290000000000000000e+02 4.696659034408483157e-15
1.300000000000000000e+02 4.642316391399965344e-15
1.310000000000000000e+02 4.587586481633680356e-15
1.320000000000000000e+02 4.532485671516876581e-15
1.330000000000000000e+02 4.477031078701727334e-15
1.340000000000000000e+02 4.421239337897240132e-15
1.350000000000000000e+02 4.365127083812422491e-15
1.360000000000000000e+02 4.308711702401205274e-15
1.370000000000000000e+02 4.252010740598573561e-15
1.380000000000000000e+02 4.195040403830721525e-15
1.390000000000000000e+02 4.137818936617205925e-15
1.400000000000000000e+02 4.080363349289496739e-15
1.410000000000000000e+02 4.022691188782578257e-15
1.420000000000000000e+02 3.964820109352139682e-15
1.430000000000000000e+02 3.906767389631408542e-15
1.440000000000000000e+02 3.848551059498535712e-15
1.450000000000000000e+02 3.790188451247098024e-15
1.460000000000000000e+02 3.731697755736302144e-15
1.470000000000000000e+02 3.673096358920078148e-15
1.480000000000000000e+02 3.614402451657631126e-15
1.490000000000000000e+02 3.555633473563243610e-15
1.500000000000000000e+02 3.496808044778933637e-15
1.510000000000000000e+02 3.437943256126697111e-15
1.520000000000000000e+02 3.379057593597674081e-15
1.530000000000000000e+02 3.320168845598431343e-15
1.540000000000000000e+02 3.261295068837296001e-15
1.550000000000000000e+02 3.202453863909604406e-15
1.560000000000000000e+02 3.143663636315968319e-15
1.570000000000000000e+02 3.084941718349966543e-15
1.580000000000000000e+02 3.026306676493265840e-15
1.590000000000000000e+02 2.967775843039445408e-15
1.600000000000000000e+02 2.909367408847709548e-15
1.610000000000000000e+02 2.851099189154802860e-15
1.620000000000000000e+02 2.792988677235358360e-15
1.630000000000000000e+02 2.735053741986471526e-15
1.640000000000000000e+02 2.677312091324182834e-15
1.650000000000000000e+02 2.619781674636114870e-15
1.660000000000000000e+02 2.562479207121802651e-15
1.670000000000000000e+02 2.505423013791330833e-15
1.680000000000000000e+02 2.448630346447750320e-15
1.690000000000000000e+02 2.392118322743233638e-15
1.700000000000000000e+02 2.335904328631711651e-15
1.710000000000000000e+02 2.280005562255883597e-15
1.720000000000000000e+02 2.224438899796339497e-15
1.730000000000000000e+02 2.169221432075076437e-15
1.740000000000000000e+02 2.114370410895145324e-15
1.750000000000000000e+02 2.059901880701686117e-15
1.760000000000000000e+02 2.005833012807222615e-15
1.770000000000000000e+02 1.952180388260410667e-15
1.780000000000000000e+02 1.898959944185686504e-15
1.790000000000000000e+02 1.846188476273113040e-15
1.800000000000000000e+02 1.793881867986774838e-15
1.810000000000000000e+02 1.742056083281284159e-15
1.820000000000000000e+02 1.690726817809494730e-15
1.830000000000000000e+02 1.639910411148480093e-15
1.840000000000000000e+02 1.589621754045819746e-15
1.850000000000000000e+02 1.539876434833664279e-15
1.860000000000000000e+02 1.490689719882054864e-15
1.870000000000000000e+02 1.442077090202438557e-15
1.880000000000000000e+02 1.394052470656065432e-15
1.890000000000000000e+02 1.346631476405261911e-15
1.900000000000000000e+02 1.299827898160398896e-15
1.910000000000000000e+02 1.253656707159583193e-15
1.920000000000000000e+02 1.208132016075295514e-15
1.930000000000000000e+02 1.163267186335093421e-15
1.940000000000000000e+02 1.119076384271809493e-15
1.950000000000000000e+02 1.075572917652649426e-15
1.960000000000000000e+02 1.032770362546577849e-15
1.970000000000000000e+02 9.906818120793939852e-16
1.980000000000000000e+02 9.493201447354911768e-16
1.990000000000000000e+02 9.086978365466248638e-16
2.000000000000000000e+02 8.688275245256056867e-16
2.010000000000000000e+02 8.297214700627829076e-16
2.020000000000000000e+02 7.913915052656925460e-16
2.030000000000000000e+02 7.538495159022222891e-16
2.040000000000000000e+02 7.171071194385016828e-16
2.050000000000000000e+02 6.811751284353855535e-16
2.060000000000000000e+02 6.460648920572453059e-16
2.070000000000000000e+02 6.117875179968699387e-16
2.080000000000000000e+02 5.783527724382573502e-16
2.090000000000000000e+02 5.457715484327900655e-16
2.100000000000000000e+02 5.140535048437627460e-16
2.110000000000000000e+02 4.832083541948217210e-16
2.120000000000000000e+02 4.532455943682069446e-16
2.130000000000000000e+02 4.241746695858065555e-16
2.140000000000000000e+02 3.960040581831792655e-16
2.150000000000000000e+02 3.687429897408066905e-16
2.160000000000000000e+02 3.423993791605553767e-16
2.170000000000000000e+02 3.169814633064016795e-16
2.180000000000000000e+02 2.924969424388055730e-16
2.190000000000000000e+02 2.689533021768204593e-16
2.200000000000000000e+02 2.463579476489723375e-16
2.210000000000000000e+02 2.247176400595675397e-16
2.220000000000000000e+02 2.040391942732639424e-16
2.230000000000000000e+02 1.843290495322581180e-16
2.240000000000000000e+02 1.655927865131203257e-16
2.250000000000000000e+02 1.478364688355855874e-16
2.260000000000000000e+02 1.310656235158725933e-16
2.270000000000000000e+02 1.152852409666836033e-16
2.280000000000000000e+02 1.005004189214242001e-16
2.290000000000000000e+02 8.671512824611551237e-17
2.300000000000000000e+02 7.393435935345984910e-17
2.310000000000000000e+02 6.216133186455545957e-17
2.320000000000000000e+02 5.140023128683005670e-17
2.330000000000000000e+02 4.165387478874461013e-17
2.340000000000000000e+02 3.292534784051826767e-17
2.350000000000000000e+02 2.521773591237019255e-17
2.360000000000000000e+02 1.853299760713514290e-17
2.370000000000000000e+02 1.287322567852698287e-17
2.380000000000000000e+02 8.240405559556296740e-18
2.390000000000000000e+02 4.635717777959108758e-18
2.400000000000000000e+02 2.060316031295623980e-18
2.410000000000000000e+02 5.149247343129482574e-19
2.420000000000000000e+02 0.000000000000000000e+00
2.430000000000000000e+02 5.157832999391474394e-19
2.440000000000000000e+02 2.062167313427115678e-18
2.450000000000000000e+02 4.638669097299168253e-18
2.460000000000000000e+02 8.244322765225829930e-18
2.470000000000000000e+02 1.287826975158090268e-17
2.480000000000000000e+02 1.853884658546362348e-17
2.490000000000000000e+02 2.522455077702814913e-17
2.500000000000000000e+02 3.293269930869259913e-17
2.510000000000000000e+02 4.166168236990785807e-17
2.520000000000000000e+02 5.140849498098222730e-17
2.530000000000000000e+02 6.217029314327890949e-17
2.540000000000000000e+02 7.394337429253494205e-17
2.550000000000000000e+02 8.672457246800370029e-17
2.560000000000000000e+02 1.005095948415541975e-16
2.570000000000000000e+02 1.152945242075168867e-16
2.580000000000000000e+02 1.310744774738927818e-16
2.590000000000000000e+02 1.478448398504410379e-16
2.600000000000000000e+02 1.656006209244593951e-16
2.610000000000000000e+02 1.843357034158611639e-16
2.620000000000000000e+02 2.040450432515924415e-16
2.630000000000000000e+02 2.247223621705116337e-16
2.640000000000000000e+02 2.463609526286640516e-16
2.650000000000000000e+02 2.689547510063146980e-16
2.660000000000000000e+02 2.924964058352891920e-16
2.670000000000000000e+02 3.169786729681165375e-16
2.680000000000000000e+02 3.423943082573256400e-16
2.690000000000000000e+02 3.687352626501708824e-16
2.700000000000000000e+02 3.959935944146099339e-16
2.710000000000000000e+02 4.241606642340291780e-16
2.720000000000000000e+02 4.532282620746280442e-16
2.730000000000000000e+02 4.831869973748700121e-16
2.740000000000000000e+02 5.140282308181414654e-16
2.750000000000000000e+02 5.457418474281586660e-16
2.760000000000000000e+02 5.783189127563741702e-16
2.770000000000000000e+02 6.117485069212295205e-16
2.780000000000000000e+02 6.460211588706607937e-16
2.790000000000000000e+02 6.811257609118790897e-16
2.800000000000000000e+02 7.170518492763151263e-16
2.810000000000000000e+02 7.537881821203007353e-16
2.820000000000000000e+02 7.913239200528052567e-16
2.830000000000000000e+02 8.296473114568199752e-16
2.840000000000000000e+02 8.687465510549848039e-16
2.850000000000000000e+02 9.086095920983570525e-16
2.860000000000000000e+02 9.492242000267633912e-16
2.870000000000000000e+02 9.905782476007337270e-16
2.880000000000000000e+02 1.032658749015171974e-15
2.890000000000000000e+02 1.075452825785684790e-15
2.900000000000000000e+02 1.118947545767527954e-15
2.910000000000000000e+02 1.163129332891736839e-15
2.920000000000000000e+02 1.207984933051457217e-15
2.930000000000000000e+02 1.253500340894911711e-15
2.940000000000000000e+02 1.299661980353135891e-15
2.950000000000000000e+02 1.346455148489781291e-15
2.960000000000000000e+02 1.393866161915180145e-15
2.970000000000000000e+02 1.441880049391225847e-15
2.980000000000000000e+02 1.490482107981569535e-15
2.990000000000000000e+02 1.539657688410214216e-15
3.000000000000000000e+02 1.589391819439053282e-15
3.010000000000000000e+02 1.639668993226463055e-15
3.020000000000000000e+02 1.690473970232578983e-15
3.030000000000000000e+02 1.741791081634722584e-15
3.040000000000000000e+02 1.793604765930919102e-15
3.050000000000000000e+02 1.845899300638139174e-15
3.060000000000000000e+02 1.898658533990539112e-15
3.070000000000000000e+02 1.951866314222276406e-15
3.080000000000000000e+02 2.005506382246805215e-15
3.090000000000000000e+02 2.059562317996524298e-15
3.100000000000000000e+02 2.114017594083129081e-15
3.110000000000000000e+02 2.168855844099370385e-15
3.120000000000000000e+02 2.224060057713779021e-15
3.130000000000000000e+02 2.279613385575941195e-15
3.140000000000000000e+02 2.335498817354387323e-15
3.150000000000000000e+02 2.391699396378000277e-15
3.160000000000000000e+02 2.448198112315310473e-15
3.170000000000000000e+02 2.504977284080454451e-15
3.180000000000000000e+02 2.562019820851434338e-15
3.190000000000000000e+02 2.619308417164848348e-15
3.200000000000000000e+02 2.676825606576237722e-15
3.210000000000000000e+02 2.734553573848858648e-15
3.220000000000000000e+02 2.792474933028781052e-15
3.230000000000000000e+02 2.850571976199964851e-15
3.240000000000000000e+02 2.908826995446368783e-15
3.250000000000000000e+02 2.967222175531250219e-15
3.260000000000000000e+02 3.025739754878216227e-15
3.270000000000000000e+02 3.084361891420347950e-15
3.280000000000000000e+02 3.143070582109671137e-15
3.290000000000000000e+02 3.201848092199969082e-15
3.300000000000000000e+02 3.260676418643267926e-15
3.310000000000000000e+02 3.319537907183878468e-15
3.320000000000000000e+02 3.378414420622947679e-15
3.330000000000000000e+02 3.437287714440918406e-15
3.340000000000000000e+02 3.496140402683860575e-15
3.350000000000000000e+02 3.554954509133974977e-15
3.360000000000000000e+02 3.613711735611354370e-15
3.370000000000000000e+02 3.672394427860309156e-15
3.380000000000000000e+02 3.730984797474271359e-15
3.390000000000000000e+02 3.789464895065618787e-15
3.400000000000000000e+02 3.847817200529541802e-15
3.410000000000000000e+02 3.906023496176659085e-15
3.420000000000000000e+02 3.964066396053040561e-15
3.430000000000000000e+02 4.021928299563348695e-15
3.440000000000000000e+02 4.079591310980312964e-15
3.450000000000000000e+02 4.137038285821584613e-15
3.460000000000000000e+02 4.194251543001299002e-15
3.470000000000000000e+02 4.251213669735350615e-15
3.480000000000000000e+02 4.307907602031917806e-15
3.490000000000000000e+02 4.364315846616367954e-15
3.500000000000000000e+02 4.420421232176176076e-15
3.510000000000000000e+02 4.476206694719521314e-15
3.520000000000000000e+02 4.531655706858100276e-15
3.530000000000000000e+02 4.586751258260442984e-15
3.540000000000000000e+02 4.641476177614026034e-15
3.550000000000000000e+02 4.695814527794412799e-15
3.560000000000000000e+02 4.749749191149431543e-15
3.570000000000000000e+02 4.803264337875348187e-15
3.580000000000000000e+02 4.856343360093331444e-15
3.590000000000000000e+02 4.908970240188417581e-15
3.600000000000000000e+02 4.961129148356874097e-15
