0.000000000000000000e+00 9.992827688206498138e-01
1.000000000000000000e+00 9.993043375531597272e-01
2.000000000000000000e+00 9.993256814407742716e-01
3.000000000000000000e+00 9.993467939764458796e-01
4.000000000000000000e+00 9.993676687235025780e-01
5.000000000000000000e+00 9.993882993176190777e-01
6.000000000000000000e+00 9.994086794687591091e-01
7.000000000000000000e+00 9.994288029631014370e-01
8.000000000000000000e+00 9.994486636649375644e-01
9.000000000000000000e+00 9.994682555185505635e-01
1.000000000000000000e+01 9.994875725500637076e-01
1.100000000000000000e+01 9.995066088692675654e-01
1.200000000000000000e+01 9.995253586714279992e-01
1.300000000000000000e+01 9.995438162390496428e-01
1.400000000000000000e+01 9.995619759436383811e-01
1.500000000000000000e+01 9.995798322474139797e-01
1.600000000000000000e+01 9.995973797050086151e-01
1.700000000000000000e+01 9.996146129651310996e-01
1.800000000000000000e+01 9.996315267722064579e-01
1.900000000000000000e+01 9.996481159679819761e-01
2.000000000000000000e+01 9.996643754931074932e-01
2.100000000000000000e+01 9.996803003886850503e-01
2.200000000000000000e+01 9.996958857977840118e-01
2.300000000000000000e+01 9.997111269669289868e-01
2.400000000000000000e+01 9.997260192475572183e-01
2.500000000000000000e+01 9.997405580974386696e-01
2.600000000000000000e+01 9.997547390820674673e-01
2.700000000000000000e+01 9.997685578760238112e-01
2.800000000000000000e+01 9.997820102642926976e-01
2.900000000000000000e+01 9.997950921435569960e-01
3.000000000000000000e+01 9.998077995234566639e-01
3.100000000000000000e+01 9.998201285278082162e-01
3.200000000000000000e+01 9.998320753957895546e-01
3.300000000000000000e+01 9.998436364830995959e-01
3.400000000000000000e+01 9.998548082630687173e-01
3.500000000000000000e+01 9.998655873277400019e-01
3.600000000000000000e+01 9.998759703889117390e-01
3.700000000000000000e+01 9.998859542791505017e-01
3.800000000000000000e+01 9.998955359527585962e-01
3.900000000000000000e+01 9.999047124867032066e-01
4.000000000000000000e+01 9.999134810815192287e-01
4.100000000000000000e+01 9.999218390621614772e-01
4.200000000000000000e+01 9.999297838788294701e-01
4.300000000000000000e+01 9.999373131077413657e-01
4.400000000000000000e+01 9.999444244518870262e-01
4.500000000000000000e+01 9.999511157417221296e-01
4.600000000000000000e+01 9.999573849358399658e-01
4.700000000000000000e+01 9.999632301215936048e-01
4.800000000000000000e+01 9.999686495156842048e-01
4.900000000000000000e+01 9.999736414647050209e-01
5.000000000000000000e+01 9.999782044456506647e-01
5.100000000000000000e+01 9.999823370663840638e-01
5.200000000000000000e+01 9.999860380660613446e-01
5.300000000000000000e+01 9.999893063155184114e-01
5.400000000000000000e+01 9.999921408176204451e-01
5.500000000000000000e+01 9.999945407075613302e-01
5.600000000000000000e+01 9.999965052531374354e-01
5.700000000000000000e+01 9.999980338549631087e-01
5.800000000000000000e+01 9.999991260466596366e-01
5.900000000000000000e+01 9.999997814949977970e-01
6.000000000000000000e+01 1.000000000000000000e+00
6.100000000000000000e+01 9.999997814949982411e-01
6.200000000000000000e+01 9.999991260466594145e-01
6.300000000000000000e+01 9.999980338549624426e-01
6.400000000000000000e+01 9.999965052531375465e-01
6.500000000000000000e+01 9.999945407075616632e-01
6.600000000000000000e+01 9.999921408176203341e-01
6.700000000000000000e+01 9.999893063155186335e-01
6.800000000000000000e+01 9.999860380660607895e-01
6.900000000000000000e+01 9.999823370663837308e-01
7.000000000000000000e+01 9.999782044456501096e-01
7.100000000000000000e+01 9.999736414647047988e-01
7.200000000000000000e+01 9.999686495156837607e-01
7.300000000000000000e+01 9.999632301215940489e-01
7.400000000000000000e+01 9.999573849358401878e-01
7.500000000000000000e+01 9.999511157417216856e-01
7.600000000000000000e+01 9.999444244518864711e-01
7.700000000000000000e+01 9.999373131077418098e-01
7.800000000000000000e+01 9.999297838788288040e-01
7.900000000000000000e+01 9.999218390621615882e-01
8.000000000000000000e+01 9.999134810815196728e-01
8.100000000000000000e+01 9.999047124867033176e-01
8.200000000000000000e+01 9.998955359527580411e-01
8.300000000000000000e+01 9.998859542791509458e-01
8.400000000000000000e+01 9.998759703889115169e-01
8.500000000000000000e+01 9.998655873277391137e-01
8.600000000000000000e+01 9.998548082630688283e-01
8.700000000000000000e+01 9.998436364830995959e-01
8.800000000000000000e+01 9.998320753957893325e-01
8.900000000000000000e+01 9.998201285278076611e-01
9.000000000000000000e+01 9.998077995234568860e-01
9.100000000000000000e+01 9.997950921435573290e-01
9.200000000000000000e+01 9.997820102642924756e-01
9.300000000000000000e+01 9.997685578760238112e-01
9.400000000000000000e+01 9.997547390820674673e-01
9.500000000000000000e+01 9.997405580974382255e-01
9.600000000000000000e+01 9.997260192475573293e-01
9.700000000000000000e+01 9.997111269669288758e-01
9.800000000000000000e+01 9.996958857977840118e-01
9.900000000000000000e+01 9.996803003886854944e-01
1.000000000000000000e+02 9.996643754931074932e-01
1.010000000000000000e+02 9.996481159679815320e-01
1.020000000000000000e+02 9.996315267722067910e-01
1.030000000000000000e+02 9.996146129651314327e-01
1.040000000000000000e+02 9.995973797050085041e-01
1.050000000000000000e+02 9.995798322474142017e-01
1.060000000000000000e+02 9.995619759436382701e-01
1.070000000000000000e+02 9.995438162390494208e-01
1.080000000000000000e+02 9.995253586714274441e-01
1.090000000000000000e+02 9.995066088692677875e-01
1.100000000000000000e+02 9.994875725500632635e-01
1.110000000000000000e+02 9.994682555185504524e-01
1.120000000000000000e+02 9.994486636649380085e-01
1.130000000000000000e+02 9.994288029631018810e-01
1.140000000000000000e+02 9.994086794687591091e-01
1.150000000000000000e+02 9.993882993176191887e-01
1.160000000000000000e+02 9.993676687235028000e-01
1.170000000000000000e+02 9.993467939764458796e-01
1.180000000000000000e+02 9.993256814407742716e-01
1.190000000000000000e+02 9.993043375531595052e-01
1.200000000000000000e+02 9.992827688206500358e-01
1.210000000000000000e+02 9.992609818186847237e-01
1.220000000000000000e+02 9.992389831890789997e-01
1.230000000000000000e+02 9.992167796380013733e-01
1.240000000000000000e+02 9.991943779339187426e-01
1.250000000000000000e+02 9.991717849055323786e-01
1.260000000000000000e+02 9.991490074396890408e-01
1.270000000000000000e+02 9.991260524792786590e-01
1.280000000000000000e+02 9.991029270211164715e-01
1.290000000000000000e+02 9.990796381137970750e-01
1.300000000000000000e+02 9.990561928555550253e-01
1.310000000000000000e+02 9.990325983920897990e-01
1.320000000000000000e+02 9.990088619143806525e-01
1.330000000000000000e+02 9.989849906565014814e-01
1.340000000000000000e+02 9.989609918934060362e-01
1.350000000000000000e+02 9.989368729387062551e-01
1.360000000000000000e+02 9.989126411424467111e-01
1.370000000000000000e+02 9.988883038888551891e-01
1.380000000000000000e+02 9.988638685940963713e-01
1.390000000000000000e+02 9.988393427040023198e-01
1.400000000000000000e+02 9.988147336918061781e-01
1.410000000000000000e+02 9.987900490558607736e-01
1.420000000000000000e+02 9.987652963173541121e-01
1.430000000000000000e+02 9.987404830180114379e-01
1.440000000000000000e+02 9.987156167178011801e-01
1.450000000000000000e+02 9.986907049926253555e-01
1.460000000000000000e+02 9.986657554320134134e-01
1.470000000000000000e+02 9.986407756368088640e-01
1.480000000000000000e+02 9.986157732168505774e-01
1.490000000000000000e+02 9.986147259224972261e-01
1.500000000000000000e+02 9.986152352103182528e-01
1.510000000000000000e+02 9.986157293892322651e-01
1.520000000000000000e+02 9.986162083034231252e-01
1.530000000000000000e+02 9.986166718018359978e-01
1.540000000000000000e+02 9.986171197382359699e-01
1.550000000000000000e+02 9.986175519712515714e-01
1.560000000000000000e+02 9.986179683644279548e-01
1.570000000000000000e+02 9.986183687862755232e-01
1.580000000000000000e+02 9.986187531103124515e-01
1.590000000000000000e+02 9.986191212151078744e-01
1.600000000000000000e+02 9.986194729843299589e-01
1.610000000000000000e+02 9.986198083067802100e-01
1.620000000000000000e+02 9.986201270764357707e-01
1.630000000000000000e+02 9.986204291924860588e-01
1.640000000000000000e+02 9.986207145593665180e-01
1.650000000000000000e+02 9.986209830867927018e-01
1.660000000000000000e+02 9.986212346897946901e-01
1.670000000000000000e+02 9.986214692887411815e-01
1.680000000000000000e+02 9.986216868093710231e-01
1.690000000000000000e+02 9.986218871828203003e-01
1.700000000000000000e+02 9.986220703456429870e-01
1.710000000000000000e+02 9.986222362398381458e-01
1.720000000000000000e+02 9.986223848128643610e-01
1.730000000000000000e+02 9.986225160176608329e-01
1.740000000000000000e+02 9.986226298126676948e-01
1.750000000000000000e+02 9.986227261618326745e-01
1.760000000000000000e+02 9.986228050346316332e-01
1.770000000000000000e+02 9.986228664060746718e-01
1.780000000000000000e+02 9.986229102567146798e-01
1.790000000000000000e+02 9.986229365726583262e-01
1.800000000000000000e+02 9.986229453455659488e-01
1.810000000000000000e+02 9.986229365726584373e-01
1.820000000000000000e+02 9.986229102567145688e-01
1.830000000000000000e+02 9.986228664060742277e-01
1.840000000000000000e+02 9.986228050346315221e-01
1.850000000000000000e+02 9.986227261618325635e-01
1.860000000000000000e+02 9.986226298126671397e-01
1.870000000000000000e+02 9.986225160176613880e-01
1.880000000000000000e+02 9.986223848128639169e-01
1.890000000000000000e+02 9.986222362398384789e-01
1.900000000000000000e+02 9.986220703456435421e-01
1.910000000000000000e+02 9.986218871828203003e-01
1.920000000000000000e+02 9.986216868093706900e-01
1.930000000000000000e+02 9.986214692887409594e-01
1.940000000000000000e+02 9.986212346897945791e-01
1.950000000000000000e+02 9.986209830867931458e-01
1.960000000000000000e+02 9.986207145593660739e-01
1.970000000000000000e+02 9.986204291924859477e-01
1.980000000000000000e+02 9.986201270764361038e-01
1.990000000000000000e+02 9.986198083067806541e-01
2.000000000000000000e+02 9.986194729843295148e-01
2.010000000000000000e+02 9.986191212151076524e-01
2.020000000000000000e+02 9.986187531103118964e-01
2.030000000000000000e+02 9.986183687862763003e-01
2.040000000000000000e+02 9.986179683644278438e-01
2.050000000000000000e+02 9.986175519712515714e-01
2.060000000000000000e+02 9.986171197382356368e-01
2.070000000000000000e+02 9.986166718018354427e-01
2.080000000000000000e+02 9.986162083034233472e-01
2.090000000000000000e+02 9.986157293892324871e-01
2.100000000000000000e+02 9.986152352103179197e-01
2.110000000000000000e+02 9.986147259224970041e-01
2.120000000000000000e+02 9.986142016862972204e-01
2.130000000000000000e+02 9.986136626668978833e-01
2.140000000000000000e+02 9.986131090340805150e-01
2.150000000000000000e+02 9.986125409621610105e-01
2.160000000000000000e+02 9.986119586299371242e-01
2.170000000000000000e+02 9.986113622206227447e-01
2.180000000000000000e+02 9.986107519217869433e-01
2.190000000000000000e+02 9.986101279252871388e-01
2.200000000000000000e+02 9.986094904272084793e-01
2.210000000000000000e+02 9.986088396277916779e-01
2.220000000000000000e+02 9.986081757313655105e-01
2.230000000000000000e+02 9.986074989462795370e-01
2.240000000000000000e+02 9.986068094848330468e-01
2.250000000000000000e+02 9.986061075632000072e-01
2.260000000000000000e+02 9.986053934013567890e-01
2.270000000000000000e+02 9.986046672230094456e-01
2.280000000000000000e+02 9.986039292555166647e-01
2.290000000000000000e+02 9.986031797298136059e-01
2.300000000000000000e+02 9.986024188803329649e-01
2.310000000000000000e+02 9.986016469449255917e-01
2.320000000000000000e+02 9.986008641647853290e-01
2.330000000000000000e+02 9.986000707843624147e-01
2.340000000000000000e+02 9.985992670512821023e-01
2.350000000000000000e+02 9.985984532162680560e-01
2.360000000000000000e+02 9.985976295330528663e-01
2.370000000000000000e+02 9.985967962582925628e-01
2.380000000000000000e+02 9.985959536514886770e-01
2.390000000000000000e+02 9.985951019748948720e-01
2.400000000000000000e+02 9.985942414934331213e-01
2.410000000000000000e+02 9.985933724746103302e-01
2.420000000000000000e+02 9.985924951884204148e-01
2.430000000000000000e+02 9.985916099072665864e-01
2.440000000000000000e+02 9.985907169058636512e-01
2.450000000000000000e+02 9.985898164611545225e-01
2.460000000000000000e+02 9.985889088522132973e-01
2.470000000000000000e+02 9.985879943601612130e-01
2.480000000000000000e+02 9.985870732680709461e-01
2.490000000000000000e+02 9.985861458608762398e-01
2.500000000000000000e+02 9.985852124252790896e-01
2.510000000000000000e+02 9.985842732496590379e-01
2.520000000000000000e+02 9.985833286239785833e-01
2.530000000000000000e+02 9.985823788396884781e-01
2.540000000000000000e+02 9.985814241896429078e-01
2.550000000000000000e+02 9.985804649679919098e-01
2.560000000000000000e+02 9.985795014701017713e-01
2.570000000000000000e+02 9.985785339924522219e-01
2.580000000000000000e+02 9.985775628325455067e-01
2.590000000000000000e+02 9.985765882888123501e-01
2.600000000000000000e+02 9.985756106605169213e-01
2.610000000000000000e+02 9.985746302476640190e-01
2.620000000000000000e+02 9.985736473509051470e-01
2.630000000000000000e+02 9.985726622714428125e-01
2.640000000000000000e+02 9.985716753109378230e-01
2.650000000000000000e+02 9.985706867714140289e-01
2.660000000000000000e+02 9.985696969551679514e-01
2.670000000000000000e+02 9.985687061646706386e-01
2.680000000000000000e+02 9.985677147024787370e-01
2.690000000000000000e+02 9.985667228711383459e-01
2.700000000000000000e+02 9.985660209707799551e-01
2.710000000000000000e+02 9.985660267551249580e-01
2.720000000000000000e+02 9.985660324146504729e-01
2.730000000000000000e+02 9.985660379424600164e-01
2.740000000000000000e+02 9.985660433318206408e-01
2.750000000000000000e+02 9.985660485761643779e-01
2.760000000000000000e+02 9.985660536691034483e-01
2.770000000000000000e+02 9.985660586044315945e-01
2.780000000000000000e+02 9.985660633761367366e-01
2.790000000000000000e+02 9.985660679784046367e-01
2.800000000000000000e+02 9.985660724056288906e-01
2.810000000000000000e+02 9.985660766524151466e-01
2.820000000000000000e+02 9.985660807135894323e-01
2.830000000000000000e+02 9.985660845842033728e-01
2.840000000000000000e+02 9.985660882595420729e-01
2.850000000000000000e+02 9.985660917351272259e-01
2.860000000000000000e+02 9.985660950067242192e-01
2.870000000000000000e+02 9.985660980703475742e-01
2.880000000000000000e+02 9.985661009222642770e-01
2.890000000000000000e+02 9.985661035590003287e-01
2.900000000000000000e+02 9.985661059773427439e-01
2.910000000000000000e+02 9.985661081743445466e-01
2.920000000000000000e+02 9.985661101473300993e-01
2.930000000000000000e+02 9.985661118938956582e-01
2.940000000000000000e+02 9.985661134119122595e-01
2.950000000000000000e+02 9.985661146995313819e-01
2.960000000000000000e+02 9.985661157551840583e-01
2.970000000000000000e+02 9.985661165775842063e-01
2.980000000000000000e+02 9.985661171657297386e-01
2.990000000000000000e+02 9.985661175189035621e-01
3.000000000000000000e+02 9.985661176366759095e-01
3.010000000000000000e+02 9.985661175189036731e-01
3.020000000000000000e+02 9.985661171657296276e-01
3.030000000000000000e+02 9.985661165775842063e-01
3.040000000000000000e+02 9.985661157551841693e-01
3.050000000000000000e+02 9.985661146995314930e-01
3.060000000000000000e+02 9.985661134119121485e-01
3.070000000000000000e+02 9.985661118938955472e-01
3.080000000000000000e+02 9.985661101473300993e-01
3.090000000000000000e+02 9.985661081743444356e-01
3.100000000000000000e+02 9.985661059773426329e-01
3.110000000000000000e+02 9.985661035590001067e-01
3.120000000000000000e+02 9.985661009222642770e-01
3.130000000000000000e+02 9.985660980703476852e-01
3.140000000000000000e+02 9.985660950067242192e-01
3.150000000000000000e+02 9.985660917351272259e-01
3.160000000000000000e+02 9.985660882595421839e-01
3.170000000000000000e+02 9.985660845842034838e-01
3.180000000000000000e+02 9.985660807135895434e-01
3.190000000000000000e+02 9.985660766524150356e-01
3.200000000000000000e+02 9.985660724056288906e-01
3.210000000000000000e+02 9.985660679784048588e-01
3.220000000000000000e+02 9.985660633761367366e-01
3.230000000000000000e+02 9.985660586044315945e-01
3.240000000000000000e+02 9.985660536691032263e-01
3.250000000000000000e+02 9.985660485761644889e-01
3.260000000000000000e+02 9.985660433318205298e-01
3.270000000000000000e+02 9.985660379424597943e-01
3.280000000000000000e+02 9.985660324146503619e-01
3.290000000000000000e+02 9.985660267551249580e-01
3.300000000000000000e+02 9.985660209707801771e-01
3.310000000000000000e+02 9.985907557886530839e-01
3.320000000000000000e+02 9.986157732168500223e-01
3.330000000000000000e+02 9.986407756368084199e-01
3.340000000000000000e+02 9.986657554320138575e-01
3.350000000000000000e+02 9.986907049926249114e-01
3.360000000000000000e+02 9.987156167178011801e-01
3.370000000000000000e+02 9.987404830180114379e-01
3.380000000000000000e+02 9.987652963173541121e-01
3.390000000000000000e+02 9.987900490558611066e-01
3.400000000000000000e+02 9.988147336918058450e-01
3.410000000000000000e+02 9.988393427040023198e-01
3.420000000000000000e+02 9.988638685940967044e-01
3.430000000000000000e+02 9.988883038888559662e-01
3.440000000000000000e+02 9.989126411424464891e-01
3.450000000000000000e+02 9.989368729387063661e-01
3.460000000000000000e+02 9.989609918934058141e-01
3.470000000000000000e+02 9.989849906565015925e-01
3.480000000000000000e+02 9.990088619143806525e-01
3.490000000000000000e+02 9.990325983920892439e-01
3.500000000000000000e+02 9.990561928555555804e-01
3.510000000000000000e+02 9.990796381137970750e-01
3.520000000000000000e+02 9.991029270211160274e-01
3.530000000000000000e+02 9.991260524792794362e-01
3.540000000000000000e+02 9.991490074396884857e-01
3.550000000000000000e+02 9.991717849055323786e-01
3.560000000000000000e+02 9.991943779339184095e-01
3.570000000000000000e+02 9.992167796380011513e-01
3.580000000000000000e+02 9.992389831890792218e-01
3.590000000000000000e+02 9.992609818186848347e-01
3.600000000000000000e+02 9.992827688206498138e-01
