0.000000000000000000e+00 9.985658276389880461e-01
1.000000000000000000e+00 9.985658218546435982e-01
2.000000000000000000e+00 9.985658161951184164e-01
3.000000000000000000e+00 9.985658106673080958e-01
4.000000000000000000e+00 9.985658052779482485e-01
5.000000000000000000e+00 9.985658000336040674e-01
6.000000000000000000e+00 9.985657949406653300e-01
7.000000000000000000e+00 9.985657900053366287e-01
8.000000000000000000e+00 9.985657852336319307e-01
9.000000000000000000e+00 9.985657806313635865e-01
1.000000000000000000e+01 9.985657762041398877e-01
1.100000000000000000e+01 9.985657719573532987e-01
1.200000000000000000e+01 9.985657678961793460e-01
1.300000000000000000e+01 9.985657640255648504e-01
1.400000000000000000e+01 9.985657603502263724e-01
1.500000000000000000e+01 9.985657568746413304e-01
1.600000000000000000e+01 9.985657536030440040e-01
1.700000000000000000e+01 9.985657505394206490e-01
1.800000000000000000e+01 9.985657476875038352e-01
1.900000000000000000e+01 9.985657450507683386e-01
2.000000000000000000e+01 9.985657426324262564e-01
2.100000000000000000e+01 9.985657404354238986e-01
2.200000000000000000e+01 9.985657384624382349e-01
2.300000000000000000e+01 9.985657367158730091e-01
2.400000000000000000e+01 9.985657351978558527e-01
2.500000000000000000e+01 9.985657339102367303e-01
2.600000000000000000e+01 9.985657328545842759e-01
2.700000000000000000e+01 9.985657320321843500e-01
2.800000000000000000e+01 9.985657314440392618e-01
2.900000000000000000e+01 9.985657310908648832e-01
3.000000000000000000e+01 9.985657309730927578e-01
3.100000000000000000e+01 9.985657310908649942e-01
3.200000000000000000e+01 9.985657314440390397e-01
3.300000000000000000e+01 9.985657320321842390e-01
3.400000000000000000e+01 9.985657328545842759e-01
3.500000000000000000e+01 9.985657339102368413e-01
3.600000000000000000e+01 9.985657351978557417e-01
3.700000000000000000e+01 9.985657367158728981e-01
3.800000000000000000e+01 9.985657384624383459e-01
3.900000000000000000e+01 9.985657404354238986e-01
4.000000000000000000e+01 9.985657426324261454e-01
4.100000000000000000e+01 9.985657450507683386e-01
4.200000000000000000e+01 9.985657476875040572e-01
4.300000000000000000e+01 9.985657505394208711e-01
4.400000000000000000e+01 9.985657536030441150e-01
4.500000000000000000e+01 9.985657568746412194e-01
4.600000000000000000e+01 9.985657603502262614e-01
4.700000000000000000e+01 9.985657640255649614e-01
4.800000000000000000e+01 9.985657678961793460e-01
4.900000000000000000e+01 9.985657719573535207e-01
5.000000000000000000e+01 9.985657762041398877e-01
5.100000000000000000e+01 9.985657806313636975e-01
5.200000000000000000e+01 9.985657852336320417e-01
5.300000000000000000e+01 9.985657900053367397e-01
5.400000000000000000e+01 9.985657949406649969e-01
5.500000000000000000e+01 9.985658000336039564e-01
5.600000000000000000e+01 9.985658052779483596e-01
5.700000000000000000e+01 9.985658106673082068e-01
5.800000000000000000e+01 9.985658161951185274e-01
5.900000000000000000e+01 9.985658218546434872e-01
6.000000000000000000e+01 9.985658276389882682e-01
6.100000000000000000e+01 9.985658335411061737e-01
6.200000000000000000e+01 9.985658395538049570e-01
6.300000000000000000e+01 9.985658456697601437e-01
6.400000000000000000e+01 9.985658518815204721e-01
6.500000000000000000e+01 9.985658581815171075e-01
6.600000000000000000e+01 9.985658645620750784e-01
6.700000000000000000e+01 9.985658710154207141e-01
6.800000000000000000e+01 9.985658775336909709e-01
6.900000000000000000e+01 9.985658841089446458e-01
7.000000000000000000e+01 9.985658907331711465e-01
7.100000000000000000e+01 9.985658973982994846e-01
7.200000000000000000e+01 9.985659040962090449e-01
7.300000000000000000e+01 9.985659108187404653e-01
7.400000000000000000e+01 9.985659175577024094e-01
7.500000000000000000e+01 9.985659243048841116e-01
7.600000000000000000e+01 9.985659310520665910e-01
7.700000000000000000e+01 9.985659377910280909e-01
7.800000000000000000e+01 9.985659445135594003e-01
7.900000000000000000e+01 9.985659512114691827e-01
8.000000000000000000e+01 9.985659578765975208e-01
8.100000000000000000e+01 9.985659645008240215e-01
8.200000000000000000e+01 9.985659710760778074e-01
8.300000000000000000e+01 9.985659775943479533e-01
8.400000000000000000e+01 9.985659840476936999e-01
8.500000000000000000e+01 9.985659904282511157e-01
8.600000000000000000e+01 9.985659967282485283e-01
8.700000000000000000e+01 9.985660029400079685e-01
8.800000000000000000e+01 9.985660090559635993e-01
8.900000000000000000e+01 9.985660150686624936e-01
9.000000000000000000e+01 9.985660209707802881e-01
9.100000000000000000e+01 9.985667228711382348e-01
9.200000000000000000e+01 9.985677147024787370e-01
9.300000000000000000e+01 9.985687061646703055e-01
9.400000000000000000e+01 9.985696969551678404e-01
9.500000000000000000e+01 9.985706867714143620e-01
9.600000000000000000e+01 9.985716753109384891e-01
9.700000000000000000e+01 9.985726622714432565e-01
9.800000000000000000e+01 9.985736473509052580e-01
9.900000000000000000e+01 9.985746302476645742e-01
1.000000000000000000e+02 9.985756106605166993e-01
1.010000000000000000e+02 9.985765882888115730e-01
1.020000000000000000e+02 9.985775628325455067e-01
1.030000000000000000e+02 9.985785339924518889e-01
1.040000000000000000e+02 9.985795014701021044e-01
1.050000000000000000e+02 9.985804649679915768e-01
1.060000000000000000e+02 9.985814241896423527e-01
1.070000000000000000e+02 9.985823788396890333e-01
1.080000000000000000e+02 9.985833286239783613e-01
1.090000000000000000e+02 9.985842732496589269e-01
1.100000000000000000e+02 9.985852124252789785e-01
1.110000000000000000e+02 9.985861458608762398e-01
1.120000000000000000e+02 9.985870732680715012e-01
1.130000000000000000e+02 9.985879943601613240e-01
1.140000000000000000e+02 9.985889088522138524e-01
1.150000000000000000e+02 9.985898164611544114e-01
1.160000000000000000e+02 9.985907169058637622e-01
1.170000000000000000e+02 9.985916099072665864e-01
1.180000000000000000e+02 9.985924951884206369e-01
1.190000000000000000e+02 9.985933724746104412e-01
1.200000000000000000e+02 9.985942414934336764e-01
1.210000000000000000e+02 9.985951019748949831e-01
1.220000000000000000e+02 9.985959536514884549e-01
1.230000000000000000e+02 9.985967962582921187e-01
1.240000000000000000e+02 9.985976295330525332e-01
1.250000000000000000e+02 9.985984532162683891e-01
1.260000000000000000e+02 9.985992670512824354e-01
1.270000000000000000e+02 9.986000707843617485e-01
1.280000000000000000e+02 9.986008641647858841e-01
1.290000000000000000e+02 9.986016469449260358e-01
1.300000000000000000e+02 9.986024188803321877e-01
1.310000000000000000e+02 9.986031797298139390e-01
1.320000000000000000e+02 9.986039292555169977e-01
1.330000000000000000e+02 9.986046672230098897e-01
1.340000000000000000e+02 9.986053934013565669e-01
1.350000000000000000e+02 9.986061075632002293e-01
1.360000000000000000e+02 9.986068094848332688e-01
1.370000000000000000e+02 9.986074989462797591e-01
1.380000000000000000e+02 9.986081757313651774e-01
1.390000000000000000e+02 9.986088396277906787e-01
1.400000000000000000e+02 9.986094904272083683e-01
1.410000000000000000e+02 9.986101279252864726e-01
1.420000000000000000e+02 9.986107519217867212e-01
1.430000000000000000e+02 9.986113622206228557e-01
1.440000000000000000e+02 9.986119586299374573e-01
1.450000000000000000e+02 9.986125409621613436e-01
1.460000000000000000e+02 9.986131090340804040e-01
1.470000000000000000e+02 9.986136626668985494e-01
1.480000000000000000e+02 9.986142016862971094e-01
1.490000000000000000e+02 9.985907557886528618e-01
1.500000000000000000e+02 9.985660209707799551e-01
1.510000000000000000e+02 9.985660150686623826e-01
1.520000000000000000e+02 9.985660090559635993e-01
1.530000000000000000e+02 9.985660029400079685e-01
1.540000000000000000e+02 9.985659967282484173e-01
1.550000000000000000e+02 9.985659904282511157e-01
1.560000000000000000e+02 9.985659840476936999e-01
1.570000000000000000e+02 9.985659775943477312e-01
1.580000000000000000e+02 9.985659710760780294e-01
1.590000000000000000e+02 9.985659645008241325e-01
1.600000000000000000e+02 9.985659578765976319e-01
1.610000000000000000e+02 9.985659512114691827e-01
1.620000000000000000e+02 9.985659445135595114e-01
1.630000000000000000e+02 9.985659377910280909e-01
1.640000000000000000e+02 9.985659310520665910e-01
1.650000000000000000e+02 9.985659243048841116e-01
1.660000000000000000e+02 9.985659175577022983e-01
1.670000000000000000e+02 9.985659108187404653e-01
1.680000000000000000e+02 9.985659040962094890e-01
1.690000000000000000e+02 9.985658973982995956e-01
1.700000000000000000e+02 9.985658907331710354e-01
1.710000000000000000e+02 9.985658841089446458e-01
1.720000000000000000e+02 9.985658775336909709e-01
1.730000000000000000e+02 9.985658710154204920e-01
1.740000000000000000e+02 9.985658645620750784e-01
1.750000000000000000e+02 9.985658581815169965e-01
1.760000000000000000e+02 9.985658518815203610e-01
1.770000000000000000e+02 9.985658456697602547e-01
1.780000000000000000e+02 9.985658395538051790e-01
1.790000000000000000e+02 9.985658335411060627e-01
1.800000000000000000e+02 9.985658276389881571e-01
1.810000000000000000e+02 9.985658218546435982e-01
1.820000000000000000e+02 9.985658161951184164e-01
1.830000000000000000e+02 9.985658106673080958e-01
1.840000000000000000e+02 9.985658052779482485e-01
1.850000000000000000e+02 9.985658000336040674e-01
1.860000000000000000e+02 9.985657949406653300e-01
1.870000000000000000e+02 9.985657900053367397e-01
1.880000000000000000e+02 9.985657852336319307e-01
1.890000000000000000e+02 9.985657806313636975e-01
1.900000000000000000e+02 9.985657762041397767e-01
1.910000000000000000e+02 9.985657719573535207e-01
1.920000000000000000e+02 9.985657678961792350e-01
1.930000000000000000e+02 9.985657640255649614e-01
1.940000000000000000e+02 9.985657603502263724e-01
1.950000000000000000e+02 9.985657568746413304e-01
1.960000000000000000e+02 9.985657536030442261e-01
1.970000000000000000e+02 9.985657505394208711e-01
1.980000000000000000e+02 9.985657476875041683e-01
1.990000000000000000e+02 9.985657450507684496e-01
2.000000000000000000e+02 9.985657426324261454e-01
2.010000000000000000e+02 9.985657404354238986e-01
2.020000000000000000e+02 9.985657384624383459e-01
2.030000000000000000e+02 9.985657367158731201e-01
2.040000000000000000e+02 9.985657351978557417e-01
2.050000000000000000e+02 9.985657339102366192e-01
2.060000000000000000e+02 9.985657328545843869e-01
2.070000000000000000e+02 9.985657320321842390e-01
2.080000000000000000e+02 9.985657314440392618e-01
2.090000000000000000e+02 9.985657310908648832e-01
2.100000000000000000e+02 9.985657309730927578e-01
2.110000000000000000e+02 9.985657310908647721e-01
2.120000000000000000e+02 9.985657314440391508e-01
2.130000000000000000e+02 9.985657320321842390e-01
2.140000000000000000e+02 9.985657328545843869e-01
2.150000000000000000e+02 9.985657339102368413e-01
2.160000000000000000e+02 9.985657351978558527e-01
2.170000000000000000e+02 9.985657367158727871e-01
2.180000000000000000e+02 9.985657384624383459e-01
2.190000000000000000e+02 9.985657404354238986e-01
2.200000000000000000e+02 9.985657426324262564e-01
2.210000000000000000e+02 9.985657450507683386e-01
2.220000000000000000e+02 9.985657476875040572e-01
2.230000000000000000e+02 9.985657505394207600e-01
2.240000000000000000e+02 9.985657536030442261e-01
2.250000000000000000e+02 9.985657568746413304e-01
2.260000000000000000e+02 9.985657603502262614e-01
2.270000000000000000e+02 9.985657640255649614e-01
2.280000000000000000e+02 9.985657678961793460e-01
2.290000000000000000e+02 9.985657719573532987e-01
2.300000000000000000e+02 9.985657762041398877e-01
2.310000000000000000e+02 9.985657806313634755e-01
2.320000000000000000e+02 9.985657852336319307e-01
2.330000000000000000e+02 9.985657900053367397e-01
2.340000000000000000e+02 9.985657949406649969e-01
2.350000000000000000e+02 9.985658000336040674e-01
2.360000000000000000e+02 9.985658052779483596e-01
2.370000000000000000e+02 9.985658106673080958e-01
2.380000000000000000e+02 9.985658161951184164e-01
2.390000000000000000e+02 9.985658218546435982e-01
2.400000000000000000e+02 9.985658276389880461e-01
2.410000000000000000e+02 9.985658335411060627e-01
2.420000000000000000e+02 9.985658395538049570e-01
2.430000000000000000e+02 9.985658456697602547e-01
2.440000000000000000e+02 9.985658518815203610e-01
2.450000000000000000e+02 9.985658581815169965e-01
2.460000000000000000e+02 9.985658645620750784e-01
2.470000000000000000e+02 9.985658710154204920e-01
2.480000000000000000e+02 9.985658775336909709e-01
2.490000000000000000e+02 9.985658841089446458e-01
2.500000000000000000e+02 9.985658907331710354e-01
2.510000000000000000e+02 9.985658973982994846e-01
2.520000000000000000e+02 9.985659040962093780e-01
2.530000000000000000e+02 9.985659108187403543e-01
2.540000000000000000e+02 9.985659175577024094e-01
2.550000000000000000e+02 9.985659243048842226e-01
2.560000000000000000e+02 9.985659310520665910e-01
2.570000000000000000e+02 9.985659377910280909e-01
2.580000000000000000e+02 9.985659445135595114e-01
2.590000000000000000e+02 9.985659512114691827e-01
2.600000000000000000e+02 9.985659578765976319e-01
2.610000000000000000e+02 9.985659645008241325e-01
2.620000000000000000e+02 9.985659710760778074e-01
2.630000000000000000e+02 9.985659775943478422e-01
2.640000000000000000e+02 9.985659840476935889e-01
2.650000000000000000e+02 9.985659904282510047e-01
2.660000000000000000e+02 9.985659967282485283e-01
2.670000000000000000e+02 9.985660029400079685e-01
2.680000000000000000e+02 9.985660090559637103e-01
2.690000000000000000e+02 9.985660150686624936e-01
2.700000000000000000e+02 9.985657309730927578e-01
2.710000000000000000e+02 9.985647393105931968e-01
2.720000000000000000e+02 9.985637481856008968e-01
2.730000000000000000e+02 9.985627578996988385e-01
2.740000000000000000e+02 9.985617687540014886e-01
2.750000000000000000e+02 9.985607810490607639e-01
2.760000000000000000e+02 9.985597950847752147e-01
2.770000000000000000e+02 9.985588111603037609e-01
2.780000000000000000e+02 9.985578295739721000e-01
2.790000000000000000e+02 9.985568506231843333e-01
2.800000000000000000e+02 9.985558746043371459e-01
2.810000000000000000e+02 9.985549018127262144e-01
2.820000000000000000e+02 9.985539325424639401e-01
2.830000000000000000e+02 9.985529670863907414e-01
2.840000000000000000e+02 9.985520057359871249e-01
2.850000000000000000e+02 9.985510487812914171e-01
2.860000000000000000e+02 9.985500965108112803e-01
2.870000000000000000e+02 9.985491492114417778e-01
2.880000000000000000e+02 9.985482071683813299e-01
2.890000000000000000e+02 9.985472706650486696e-01
2.900000000000000000e+02 9.985463399830002418e-01
2.910000000000000000e+02 9.985454154018523765e-01
2.920000000000000000e+02 9.985444971991928043e-01
2.930000000000000000e+02 9.985435856505134877e-01
2.940000000000000000e+02 9.985426810291182509e-01
2.950000000000000000e+02 9.985417836060551666e-01
2.960000000000000000e+02 9.985408936500330679e-01
2.970000000000000000e+02 9.985400114273506045e-01
2.980000000000000000e+02 9.985391372018168621e-01
2.990000000000000000e+02 9.985382712346776435e-01
3.000000000000000000e+02 9.985374137845438591e-01
3.010000000000000000e+02 9.985365651073180304e-01
3.020000000000000000e+02 9.985357254561226803e-01
3.030000000000000000e+02 9.985348950812287239e-01
3.040000000000000000e+02 9.985340742299891881e-01
3.050000000000000000e+02 9.985332631467664921e-01
3.060000000000000000e+02 9.985324620728688316e-01
3.070000000000000000e+02 9.985316712464801236e-01
3.080000000000000000e+02 9.985308909025967239e-01
3.090000000000000000e+02 9.985301212729644771e-01
3.100000000000000000e+02 9.985293625860102162e-01
3.110000000000000000e+02 9.985286150667858074e-01
3.120000000000000000e+02 9.985278789369017582e-01
3.130000000000000000e+02 9.985271544144718181e-01
3.140000000000000000e+02 9.985264417140475857e-01
3.150000000000000000e+02 9.985257410465693262e-01
3.160000000000000000e+02 9.985250526193010234e-01
3.170000000000000000e+02 9.985243766357776440e-01
3.180000000000000000e+02 9.985237132957545114e-01
3.190000000000000000e+02 9.985230627951484639e-01
3.200000000000000000e+02 9.985224253259878946e-01
3.210000000000000000e+02 9.985218010763620144e-01
3.220000000000000000e+02 9.985211902303701148e-01
3.230000000000000000e+02 9.985205929680751602e-01
3.240000000000000000e+02 9.985200094654501646e-01
3.250000000000000000e+02 9.985194398943426641e-01
3.260000000000000000e+02 9.985188844224164306e-01
3.270000000000000000e+02 9.985183432131189418e-01
3.280000000000000000e+02 9.985178164256306443e-01
3.290000000000000000e+02 9.985407063930771265e-01
3.300000000000000000e+02 9.985657309730926467e-01
3.310000000000000000e+02 9.985660150686623826e-01
3.320000000000000000e+02 9.985660090559634883e-01
3.330000000000000000e+02 9.985660029400079685e-01
3.340000000000000000e+02 9.985659967282485283e-01
3.350000000000000000e+02 9.985659904282510047e-01
3.360000000000000000e+02 9.985659840476938109e-01
3.370000000000000000e+02 9.985659775943478422e-01
3.380000000000000000e+02 9.985659710760778074e-01
3.390000000000000000e+02 9.985659645008240215e-01
3.400000000000000000e+02 9.985659578765975208e-01
3.410000000000000000e+02 9.985659512114691827e-01
3.420000000000000000e+02 9.985659445135594003e-01
3.430000000000000000e+02 9.985659377910282020e-01
3.440000000000000000e+02 9.985659310520664800e-01
3.450000000000000000e+02 9.985659243048841116e-01
3.460000000000000000e+02 9.985659175577024094e-01
3.470000000000000000e+02 9.985659108187403543e-01
3.480000000000000000e+02 9.985659040962093780e-01
3.490000000000000000e+02 9.985658973982994846e-01
3.500000000000000000e+02 9.985658907331711465e-01
3.510000000000000000e+02 9.985658841089446458e-01
3.520000000000000000e+02 9.985658775336910820e-01
3.530000000000000000e+02 9.985658710154207141e-01
3.540000000000000000e+02 9.985658645620749674e-01
3.550000000000000000e+02 9.985658581815172186e-01
3.560000000000000000e+02 9.985658518815203610e-01
3.570000000000000000e+02 9.985658456697600327e-01
3.580000000000000000e+02 9.985658395538049570e-01
3.590000000000000000e+02 9.985658335411061737e-01
3.600000000000000000e+02 9.985658276389880461e-01
