0.000000000000000000e+00 9.985092899277863143e-01
1.000000000000000000e+00 9.985092984651494641e-01
2.000000000000000000e+00 9.985093240747442422e-01
3.000000000000000000e+00 9.985093667490946290e-01
4.000000000000000000e+00 9.985094264757374827e-01
5.000000000000000000e+00 9.985095032372309776e-01
6.000000000000000000e+00 9.985095970111583785e-01
7.000000000000000000e+00 9.985097077701308166e-01
8.000000000000000000e+00 9.985098354817965038e-01
9.000000000000000000e+00 9.985099801088518356e-01
1.000000000000000000e+01 9.985101416090422788e-01
1.100000000000000000e+01 9.985103199351814673e-01
1.200000000000000000e+01 9.985105150351586412e-01
1.300000000000000000e+01 9.985107268519551882e-01
1.400000000000000000e+01 9.985109553236547475e-01
1.500000000000000000e+01 9.985112003834619721e-01
1.600000000000000000e+01 9.985114619597185159e-01
1.700000000000000000e+01 9.985117399759214640e-01
1.800000000000000000e+01 9.985120343507435381e-01
1.900000000000000000e+01 9.985123449980516375e-01
2.000000000000000000e+01 9.985126718269293766e-01
2.100000000000000000e+01 9.985130147417031754e-01
2.200000000000000000e+01 9.985133736419624650e-01
2.300000000000000000e+01 9.985137484225891091e-01
2.400000000000000000e+01 9.985141389737793860e-01
2.500000000000000000e+01 9.985145451810787387e-01
2.600000000000000000e+01 9.985149669254059779e-01
2.700000000000000000e+01 9.985154040830844790e-01
2.800000000000000000e+01 9.985158565258788199e-01
2.900000000000000000e+01 9.985163241210187612e-01
3.000000000000000000e+01 9.985168067312425455e-01
3.100000000000000000e+01 9.985173042148288713e-01
3.200000000000000000e+01 9.985178164256310884e-01
3.300000000000000000e+01 9.985183432131184977e-01
3.400000000000000000e+01 9.985188844224162086e-01
3.500000000000000000e+01 9.985194398943426641e-01
3.600000000000000000e+01 9.985200094654503866e-01
3.700000000000000000e+01 9.985205929680744941e-01
3.800000000000000000e+01 9.985211902303707809e-01
3.900000000000000000e+01 9.985218010763619034e-01
4.000000000000000000e+01 9.985224253259878946e-01
4.100000000000000000e+01 9.985230627951490190e-01
4.200000000000000000e+01 9.985237132957550665e-01
4.300000000000000000e+01 9.985243766357775330e-01
4.400000000000000000e+01 9.985250526193008014e-01
4.500000000000000000e+01 9.985257410465693262e-01
4.600000000000000000e+01 9.985264417140481408e-01
4.700000000000000000e+01 9.985271544144715961e-01
4.800000000000000000e+01 9.985278789369019803e-01
4.900000000000000000e+01 9.985286150667858074e-01
5.000000000000000000e+01 9.985293625860102162e-01
5.100000000000000000e+01 9.985301212729641440e-01
5.200000000000000000e+01 9.985308909025965018e-01
5.300000000000000000e+01 9.985316712464800126e-01
5.400000000000000000e+01 9.985324620728687206e-01
5.500000000000000000e+01 9.985332631467664921e-01
5.600000000000000000e+01 9.985340742299892991e-01
5.700000000000000000e+01 9.985348950812291680e-01
5.800000000000000000e+01 9.985357254561224583e-01
5.900000000000000000e+01 9.985365651073181414e-01
6.000000000000000000e+01 9.985374137845436371e-01
6.100000000000000000e+01 9.985382712346778655e-01
6.200000000000000000e+01 9.985391372018167511e-01
6.300000000000000000e+01 9.985400114273504935e-01
6.400000000000000000e+01 9.985408936500332899e-01
6.500000000000000000e+01 9.985417836060547225e-01
6.600000000000000000e+01 9.985426810291184729e-01
6.700000000000000000e+01 9.985435856505135988e-01
6.800000000000000000e+01 9.985444971991928043e-01
6.900000000000000000e+01 9.985454154018521544e-01
7.000000000000000000e+01 9.985463399830001308e-01
7.100000000000000000e+01 9.985472706650483365e-01
7.200000000000000000e+01 9.985482071683806637e-01
7.300000000000000000e+01 9.985491492114417778e-01
7.400000000000000000e+01 9.985500965108117244e-01
7.500000000000000000e+01 9.985510487812915281e-01
7.600000000000000000e+01 9.985520057359871249e-01
7.700000000000000000e+01 9.985529670863907414e-01
7.800000000000000000e+01 9.985539325424638291e-01
7.900000000000000000e+01 9.985549018127263254e-01
8.000000000000000000e+01 9.985558746043371459e-01
8.100000000000000000e+01 9.985568506231848884e-01
8.200000000000000000e+01 9.985578295739721000e-01
8.300000000000000000e+01 9.985588111603040939e-01
8.400000000000000000e+01 9.985597950847749926e-01
8.500000000000000000e+01 9.985607810490603198e-01
8.600000000000000000e+01 9.985617687540011556e-01
8.700000000000000000e+01 9.985627578996986164e-01
8.800000000000000000e+01 9.985637481856005637e-01
8.900000000000000000e+01 9.985647393105930858e-01
9.000000000000000000e+01 9.985657309730938680e-01
9.100000000000000000e+01 9.985660267551249580e-01
9.200000000000000000e+01 9.985660324146502509e-01
9.300000000000000000e+01 9.985660379424600164e-01
9.400000000000000000e+01 9.985660433318205298e-01
9.500000000000000000e+01 9.985660485761643779e-01
9.600000000000000000e+01 9.985660536691034483e-01
9.700000000000000000e+01 9.985660586044314835e-01
9.800000000000000000e+01 9.985660633761367366e-01
9.900000000000000000e+01 9.985660679784049698e-01
1.000000000000000000e+02 9.985660724056287796e-01
1.010000000000000000e+02 9.985660766524150356e-01
1.020000000000000000e+02 9.985660807135895434e-01
1.030000000000000000e+02 9.985660845842033728e-01
1.040000000000000000e+02 9.985660882595420729e-01
1.050000000000000000e+02 9.985660917351272259e-01
1.060000000000000000e+02 9.985660950067243302e-01
1.070000000000000000e+02 9.985660980703475742e-01
1.080000000000000000e+02 9.985661009222642770e-01
1.090000000000000000e+02 9.985661035590002177e-01
1.100000000000000000e+02 9.985661059773426329e-01
1.110000000000000000e+02 9.985661081743444356e-01
1.120000000000000000e+02 9.985661101473302104e-01
1.130000000000000000e+02 9.985661118938956582e-01
1.140000000000000000e+02 9.985661134119123705e-01
1.150000000000000000e+02 9.985661146995313819e-01
1.160000000000000000e+02 9.985661157551841693e-01
1.170000000000000000e+02 9.985661165775842063e-01
1.180000000000000000e+02 9.985661171657297386e-01
1.190000000000000000e+02 9.985661175189035621e-01
1.200000000000000000e+02 9.985661176366759095e-01
1.210000000000000000e+02 9.985661175189036731e-01
1.220000000000000000e+02 9.985661171657296276e-01
1.230000000000000000e+02 9.985661165775842063e-01
1.240000000000000000e+02 9.985661157551841693e-01
1.250000000000000000e+02 9.985661146995314930e-01
1.260000000000000000e+02 9.985661134119122595e-01
1.270000000000000000e+02 9.985661118938954361e-01
1.280000000000000000e+02 9.985661101473302104e-01
1.290000000000000000e+02 9.985661081743446577e-01
1.300000000000000000e+02 9.985661059773424109e-01
1.310000000000000000e+02 9.985661035590002177e-01
1.320000000000000000e+02 9.985661009222642770e-01
1.330000000000000000e+02 9.985660980703476852e-01
1.340000000000000000e+02 9.985660950067243302e-01
1.350000000000000000e+02 9.985660917351273369e-01
1.360000000000000000e+02 9.985660882595421839e-01
1.370000000000000000e+02 9.985660845842032618e-01
1.380000000000000000e+02 9.985660807135895434e-01
1.390000000000000000e+02 9.985660766524149246e-01
1.400000000000000000e+02 9.985660724056290016e-01
1.410000000000000000e+02 9.985660679784047478e-01
1.420000000000000000e+02 9.985660633761368477e-01
1.430000000000000000e+02 9.985660586044314835e-01
1.440000000000000000e+02 9.985660536691034483e-01
1.450000000000000000e+02 9.985660485761643779e-01
1.460000000000000000e+02 9.985660433318204188e-01
1.470000000000000000e+02 9.985660379424602384e-01
1.480000000000000000e+02 9.985660324146506950e-01
1.490000000000000000e+02 9.985660267551249580e-01
1.500000000000000000e+02 9.985657309730926467e-01
1.510000000000000000e+02 9.985407063930774596e-01
1.520000000000000000e+02 9.985156896712281682e-01
1.530000000000000000e+02 9.984906884275598360e-01
1.540000000000000000e+02 9.984657102771546944e-01
1.550000000000000000e+02 9.984407628278487712e-01
1.560000000000000000e+02 9.984158536779113025e-01
1.570000000000000000e+02 9.983909904137341362e-01
1.580000000000000000e+02 9.983661806075228018e-01
1.590000000000000000e+02 9.983414318149865796e-01
1.600000000000000000e+02 9.983167515730464459e-01
1.610000000000000000e+02 9.982921473975344684e-01
1.620000000000000000e+02 9.982676267809119652e-01
1.630000000000000000e+02 9.982431971899861090e-01
1.640000000000000000e+02 9.982188660636425181e-01
1.650000000000000000e+02 9.981946408105759616e-01
1.660000000000000000e+02 9.981705288070470417e-01
1.670000000000000000e+02 9.981465373946286634e-01
1.680000000000000000e+02 9.981226738779781504e-01
1.690000000000000000e+02 9.980989455226170204e-01
1.700000000000000000e+02 9.980753595527235289e-01
1.710000000000000000e+02 9.980519231489300980e-01
1.720000000000000000e+02 9.980286434461485001e-01
1.730000000000000000e+02 9.980055275313947094e-01
1.740000000000000000e+02 9.979825824416415081e-01
1.750000000000000000e+02 9.979598151616758672e-01
1.760000000000000000e+02 9.979372326219777545e-01
1.770000000000000000e+02 9.979148416966158175e-01
1.780000000000000000e+02 9.978926492011580551e-01
1.790000000000000000e+02 9.978706618906026948e-01
1.800000000000000000e+02 9.978488864573263895e-01
1.810000000000000000e+02 9.978273295290527312e-01
1.820000000000000000e+02 9.978059976668349762e-01
1.830000000000000000e+02 9.977848973630750740e-01
1.840000000000000000e+02 9.977640350395379221e-01
1.850000000000000000e+02 9.977434170454153595e-01
1.860000000000000000e+02 9.977230496553911587e-01
1.870000000000000000e+02 9.977029390677401022e-01
1.880000000000000000e+02 9.976830914024437114e-01
1.890000000000000000e+02 9.976635126993390612e-01
1.900000000000000000e+02 9.976442089162784743e-01
1.910000000000000000e+02 9.976251859273302935e-01
1.920000000000000000e+02 9.976064495209910898e-01
1.930000000000000000e+02 9.975880053984307327e-01
1.940000000000000000e+02 9.975698591717658825e-01
1.950000000000000000e+02 9.975520163623545766e-01
1.960000000000000000e+02 9.975344823991242338e-01
1.970000000000000000e+02 9.975172626169245271e-01
1.980000000000000000e+02 9.975003622549123428e-01
1.990000000000000000e+02 9.974837864549574995e-01
2.000000000000000000e+02 9.974675402600872154e-01
2.010000000000000000e+02 9.974516286129628817e-01
2.020000000000000000e+02 9.974360563543720470e-01
2.030000000000000000e+02 9.974208282217679189e-01
2.040000000000000000e+02 9.974059488478300706e-01
2.050000000000000000e+02 9.973914227590648940e-01
2.060000000000000000e+02 9.973772543744293673e-01
2.070000000000000000e+02 9.973634480039922368e-01
2.080000000000000000e+02 9.973500078476347230e-01
2.090000000000000000e+02 9.973369379937685464e-01
2.100000000000000000e+02 9.973242424181036903e-01
2.110000000000000000e+02 9.973119249824421439e-01
2.120000000000000000e+02 9.972999894335111692e-01
2.130000000000000000e+02 9.972884394018196597e-01
2.140000000000000000e+02 9.972772784005720093e-01
2.150000000000000000e+02 9.972665098245897530e-01
2.160000000000000000e+02 9.972561369492948247e-01
2.170000000000000000e+02 9.972461629297123542e-01
2.180000000000000000e+02 9.972365907995155432e-01
2.190000000000000000e+02 9.972274234701066220e-01
2.200000000000000000e+02 9.972186637297388856e-01
2.210000000000000000e+02 9.972103142426685940e-01
2.220000000000000000e+02 9.972023775483500607e-01
2.230000000000000000e+02 9.971948560606653800e-01
2.240000000000000000e+02 9.971877520671980077e-01
2.250000000000000000e+02 9.971810677285325442e-01
2.260000000000000000e+02 9.971748050776092498e-01
2.270000000000000000e+02 9.971689660191020987e-01
2.280000000000000000e+02 9.971635523288445713e-01
2.290000000000000000e+02 9.971585656532955255e-01
2.300000000000000000e+02 9.971540075090342681e-01
2.310000000000000000e+02 9.971498792823045854e-01
2.320000000000000000e+02 9.971461822285989651e-01
2.330000000000000000e+02 9.971429174722729050e-01
2.340000000000000000e+02 9.971400860062046290e-01
2.350000000000000000e+02 9.971376886915013227e-01
2.360000000000000000e+02 9.971357262572311253e-01
2.370000000000000000e+02 9.971341993002055260e-01
2.380000000000000000e+02 9.971331082847995075e-01
2.390000000000000000e+02 9.971324535428089941e-01
2.400000000000000000e+02 9.971322352733521521e-01
2.410000000000000000e+02 9.971324535428091052e-01
2.420000000000000000e+02 9.971331082847991745e-01
2.430000000000000000e+02 9.971341993002059700e-01
2.440000000000000000e+02 9.971357262572311253e-01
2.450000000000000000e+02 9.971376886915016557e-01
2.460000000000000000e+02 9.971400860062048510e-01
2.470000000000000000e+02 9.971429174722717947e-01
2.480000000000000000e+02 9.971461822285987431e-01
2.490000000000000000e+02 9.971498792823049184e-01
2.500000000000000000e+02 9.971540075090339350e-01
2.510000000000000000e+02 9.971585656532953035e-01
2.520000000000000000e+02 9.971635523288451264e-01
2.530000000000000000e+02 9.971689660191017657e-01
2.540000000000000000e+02 9.971748050776093608e-01
2.550000000000000000e+02 9.971810677285327662e-01
2.560000000000000000e+02 9.971877520671978967e-01
2.570000000000000000e+02 9.971948560606658241e-01
2.580000000000000000e+02 9.972023775483508379e-01
2.590000000000000000e+02 9.972103142426685940e-01
2.600000000000000000e+02 9.972186637297388856e-01
2.610000000000000000e+02 9.972274234701067330e-01
2.620000000000000000e+02 9.972365907995153211e-01
2.630000000000000000e+02 9.972461629297122432e-01
2.640000000000000000e+02 9.972561369492950467e-01
2.650000000000000000e+02 9.972665098245896420e-01
2.660000000000000000e+02 9.972772784005716762e-01
2.670000000000000000e+02 9.972884394018201037e-01
2.680000000000000000e+02 9.972999894335107252e-01
2.690000000000000000e+02 9.973119249824423660e-01
2.700000000000000000e+02 9.973242424181036903e-01
2.710000000000000000e+02 9.973369379937679913e-01
2.720000000000000000e+02 9.973500078476348341e-01
2.730000000000000000e+02 9.973634480039927919e-01
2.740000000000000000e+02 9.973772543744292562e-01
2.750000000000000000e+02 9.973914227590654491e-01
2.760000000000000000e+02 9.974059488478302926e-01
2.770000000000000000e+02 9.974208282217674748e-01
2.780000000000000000e+02 9.974360563543716029e-01
2.790000000000000000e+02 9.974516286129624376e-01
2.800000000000000000e+02 9.974675402600871044e-01
2.810000000000000000e+02 9.974837864549570554e-01
2.820000000000000000e+02 9.975003622549122317e-01
2.830000000000000000e+02 9.975172626169249712e-01
2.840000000000000000e+02 9.975344823991242338e-01
2.850000000000000000e+02 9.975520163623544656e-01
2.860000000000000000e+02 9.975698591717656605e-01
2.870000000000000000e+02 9.975880053984307327e-01
2.880000000000000000e+02 9.976064495209912009e-01
2.890000000000000000e+02 9.976251859273305156e-01
2.900000000000000000e+02 9.976442089162788074e-01
2.910000000000000000e+02 9.976635126993388392e-01
2.920000000000000000e+02 9.976830914024438224e-01
2.930000000000000000e+02 9.977029390677397691e-01
2.940000000000000000e+02 9.977230496553913808e-01
2.950000000000000000e+02 9.977434170454151374e-01
2.960000000000000000e+02 9.977640350395375890e-01
2.970000000000000000e+02 9.977848973630747409e-01
2.980000000000000000e+02 9.978059976668355313e-01
2.990000000000000000e+02 9.978273295290521760e-01
3.000000000000000000e+02 9.978488864573266115e-01
3.010000000000000000e+02 9.978706618906024728e-01
3.020000000000000000e+02 9.978926492011581662e-01
3.030000000000000000e+02 9.979148416966157065e-01
3.040000000000000000e+02 9.979372326219776435e-01
3.050000000000000000e+02 9.979598151616762003e-01
3.060000000000000000e+02 9.979825824416413971e-01
3.070000000000000000e+02 9.980055275313947094e-01
3.080000000000000000e+02 9.980286434461480560e-01
3.090000000000000000e+02 9.980519231489307641e-01
3.100000000000000000e+02 9.980753595527236399e-01
3.110000000000000000e+02 9.980989455226171314e-01
3.120000000000000000e+02 9.981226738779775953e-01
3.130000000000000000e+02 9.981465373946284414e-01
3.140000000000000000e+02 9.981705288070468196e-01
3.150000000000000000e+02 9.981946408105766277e-01
3.160000000000000000e+02 9.982188660636424071e-01
3.170000000000000000e+02 9.982431971899861090e-01
3.180000000000000000e+02 9.982676267809118542e-01
3.190000000000000000e+02 9.982921473975344684e-01
3.200000000000000000e+02 9.983167515730464459e-01
3.210000000000000000e+02 9.983414318149865796e-01
3.220000000000000000e+02 9.983661806075223577e-01
3.230000000000000000e+02 9.983909904137352465e-01
3.240000000000000000e+02 9.984158536779110804e-01
3.250000000000000000e+02 9.984407628278488822e-01
3.260000000000000000e+02 9.984657102771542503e-01
3.270000000000000000e+02 9.984906884275593919e-01
3.280000000000000000e+02 9.985156896712283903e-01
3.290000000000000000e+02 9.985173042148285383e-01
3.300000000000000000e+02 9.985168067312426565e-01
3.310000000000000000e+02 9.985163241210188723e-01
3.320000000000000000e+02 9.985158565258788199e-01
3.330000000000000000e+02 9.985154040830847011e-01
3.340000000000000000e+02 9.985149669254058669e-01
3.350000000000000000e+02 9.985145451810784056e-01
3.360000000000000000e+02 9.985141389737789419e-01
3.370000000000000000e+02 9.985137484225885540e-01
3.380000000000000000e+02 9.985133736419627981e-01
3.390000000000000000e+02 9.985130147417028423e-01
3.400000000000000000e+02 9.985126718269297097e-01
3.410000000000000000e+02 9.985123449980513044e-01
3.420000000000000000e+02 9.985120343507440932e-01
3.430000000000000000e+02 9.985117399759223522e-01
3.440000000000000000e+02 9.985114619597185159e-01
3.450000000000000000e+02 9.985112003834618610e-01
3.460000000000000000e+02 9.985109553236548585e-01
3.470000000000000000e+02 9.985107268519547441e-01
3.480000000000000000e+02 9.985105150351587522e-01
3.490000000000000000e+02 9.985103199351816894e-01
3.500000000000000000e+02 9.985101416090418347e-01
3.510000000000000000e+02 9.985099801088516136e-01
3.520000000000000000e+02 9.985098354817969479e-01
3.530000000000000000e+02 9.985097077701308166e-01
3.540000000000000000e+02 9.985095970111581565e-01
3.550000000000000000e+02 9.985095032372313106e-01
3.560000000000000000e+02 9.985094264757375937e-01
3.570000000000000000e+02 9.985093667490942959e-01
3.580000000000000000e+02 9.985093240747445753e-01
3.590000000000000000e+02 9.985092984651493531e-01
3.600000000000000000e+02 9.985092899277863143e-01
