0.000000000000000000e+00 9.992286548114422962e-01
1.000000000000000000e+00 9.992518506424763469e-01
2.000000000000000000e+00 9.992748046808311857e-01
3.000000000000000000e+00 9.992975099281308227e-01
4.000000000000000000e+00 9.993199594616700709e-01
5.000000000000000000e+00 9.993421464365372930e-01
6.000000000000000000e+00 9.993640640877049508e-01
7.000000000000000000e+00 9.993857057321012816e-01
8.000000000000000000e+00 9.994070647706455590e-01
9.000000000000000000e+00 9.994281346902798013e-01
1.000000000000000000e+01 9.994489090659515185e-01
1.100000000000000000e+01 9.994693815625819155e-01
1.200000000000000000e+01 9.994895459370027879e-01
1.300000000000000000e+01 9.995093960398709898e-01
1.400000000000000000e+01 9.995289258175465985e-01
1.500000000000000000e+01 9.995481293139456547e-01
1.600000000000000000e+01 9.995670006723650358e-01
1.700000000000000000e+01 9.995855341372729130e-01
1.800000000000000000e+01 9.996037240560725623e-01
1.900000000000000000e+01 9.996215648808315368e-01
2.000000000000000000e+01 9.996390511699815296e-01
2.100000000000000000e+01 9.996561775899854840e-01
2.200000000000000000e+01 9.996729389169639601e-01
2.300000000000000000e+01 9.996893300383046244e-01
2.400000000000000000e+01 9.997053459542242226e-01
2.500000000000000000e+01 9.997209817792961362e-01
2.600000000000000000e+01 9.997362327439504037e-01
2.700000000000000000e+01 9.997510941959382169e-01
2.800000000000000000e+01 9.997655616017491198e-01
2.900000000000000000e+01 9.997796305480065593e-01
3.000000000000000000e+01 9.997932967428150297e-01
3.100000000000000000e+01 9.998065560170820154e-01
3.200000000000000000e+01 9.998194043257886410e-01
3.300000000000000000e+01 9.998318377492333431e-01
3.400000000000000000e+01 9.998438524942303562e-01
3.500000000000000000e+01 9.998554448952750029e-01
3.600000000000000000e+01 9.998666114156651297e-01
3.700000000000000000e+01 9.998773486485889039e-01
3.800000000000000000e+01 9.998876533181603188e-01
3.900000000000000000e+01 9.998975222804362684e-01
4.000000000000000000e+01 9.999069525243687862e-01
4.100000000000000000e+01 9.999159411727319702e-01
4.200000000000000000e+01 9.999244854830112716e-01
4.300000000000000000e+01 9.999325828482289458e-01
4.400000000000000000e+01 9.999402307977615090e-01
4.500000000000000000e+01 9.999474269980829222e-01
4.600000000000000000e+01 9.999541692534860138e-01
4.700000000000000000e+01 9.999604555067552747e-01
4.800000000000000000e+01 9.999662838398003517e-01
4.900000000000000000e+01 9.999716524742393586e-01
5.000000000000000000e+01 9.999765597719449950e-01
5.100000000000000000e+01 9.999810042355524731e-01
5.200000000000000000e+01 9.999849845089121558e-01
5.300000000000000000e+01 9.999884993775074449e-01
5.400000000000000000e+01 9.999915477688302579e-01
5.500000000000000000e+01 9.999941287527053246e-01
5.600000000000000000e+01 9.999962415415794004e-01
5.700000000000000000e+01 9.999978854907598524e-01
5.800000000000000000e+01 9.999990600986154998e-01
5.900000000000000000e+01 9.999997650067272703e-01
6.000000000000000000e+01 1.000000000000000000e+00
6.100000000000000000e+01 9.999997650067272703e-01
6.200000000000000000e+01 9.999990600986156108e-01
6.300000000000000000e+01 9.999978854907599635e-01
6.400000000000000000e+01 9.999962415415792893e-01
6.500000000000000000e+01 9.999941287527053246e-01
6.600000000000000000e+01 9.999915477688298138e-01
6.700000000000000000e+01 9.999884993775072228e-01
6.800000000000000000e+01 9.999849845089114897e-01
6.900000000000000000e+01 9.999810042355524731e-01
7.000000000000000000e+01 9.999765597719449950e-01
7.100000000000000000e+01 9.999716524742390256e-01
7.200000000000000000e+01 9.999662838398010178e-01
7.300000000000000000e+01 9.999604555067560518e-01
7.400000000000000000e+01 9.999541692534861248e-01
7.500000000000000000e+01 9.999474269980827001e-01
7.600000000000000000e+01 9.999402307977615090e-01
7.700000000000000000e+01 9.999325828482295009e-01
7.800000000000000000e+01 9.999244854830109386e-01
7.900000000000000000e+01 9.999159411727321922e-01
8.000000000000000000e+01 9.999069525243685641e-01
8.100000000000000000e+01 9.998975222804366014e-01
8.200000000000000000e+01 9.998876533181599857e-01
8.300000000000000000e+01 9.998773486485887929e-01
8.400000000000000000e+01 9.998666114156655738e-01
8.500000000000000000e+01 9.998554448952750029e-01
8.600000000000000000e+01 9.998438524942302452e-01
8.700000000000000000e+01 9.998318377492334541e-01
8.800000000000000000e+01 9.998194043257881969e-01
8.900000000000000000e+01 9.998065560170823485e-01
9.000000000000000000e+01 9.997932967428148077e-01
9.100000000000000000e+01 9.997796305480060042e-01
9.200000000000000000e+01 9.997655616017491198e-01
9.300000000000000000e+01 9.997510941959386610e-01
9.400000000000000000e+01 9.997362327439507368e-01
9.500000000000000000e+01 9.997209817792960251e-01
9.600000000000000000e+01 9.997053459542237785e-01
9.700000000000000000e+01 9.996893300383046244e-01
9.800000000000000000e+01 9.996729389169640712e-01
9.900000000000000000e+01 9.996561775899849289e-01
1.000000000000000000e+02 9.996390511699819736e-01
1.010000000000000000e+02 9.996215648808317589e-01
1.020000000000000000e+02 9.996037240560727843e-01
1.030000000000000000e+02 9.995855341372725800e-01
1.040000000000000000e+02 9.995670006723651468e-01
1.050000000000000000e+02 9.995481293139454326e-01
1.060000000000000000e+02 9.995289258175467095e-01
1.070000000000000000e+02 9.995093960398717670e-01
1.080000000000000000e+02 9.994895459370023438e-01
1.090000000000000000e+02 9.994693815625815825e-01
1.100000000000000000e+02 9.994489090659515185e-01
1.110000000000000000e+02 9.994281346902799124e-01
1.120000000000000000e+02 9.994070647706453370e-01
1.130000000000000000e+02 9.993857057321006154e-01
1.140000000000000000e+02 9.993640640877050618e-01
1.150000000000000000e+02 9.993421464365375151e-01
1.160000000000000000e+02 9.993199594616698489e-01
1.170000000000000000e+02 9.992975099281308227e-01
1.180000000000000000e+02 9.992748046808311857e-01
1.190000000000000000e+02 9.992518506424757918e-01
1.200000000000000000e+02 9.992286548114421851e-01
1.210000000000000000e+02 9.992052242596455303e-01
1.220000000000000000e+02 9.991815661303729001e-01
1.230000000000000000e+02 9.991576876361027981e-01
1.240000000000000000e+02 9.991335960562998109e-01
1.250000000000000000e+02 9.991092987351893884e-01
1.260000000000000000e+02 9.990848030795138612e-01
1.270000000000000000e+02 9.990601165562731367e-01
1.280000000000000000e+02 9.990352466904387496e-01
1.290000000000000000e+02 9.990102010626541462e-01
1.300000000000000000e+02 9.989849873069280850e-01
1.310000000000000000e+02 9.989596131082933983e-01
1.320000000000000000e+02 9.989340862004670862e-01
1.330000000000000000e+02 9.989084143634853197e-01
1.340000000000000000e+02 9.988826054213308936e-01
1.350000000000000000e+02 9.988566672395420287e-01
1.360000000000000000e+02 9.988306077228152891e-01
1.370000000000000000e+02 9.988044348125885152e-01
1.380000000000000000e+02 9.987781564846234250e-01
1.390000000000000000e+02 9.987517807465693398e-01
1.400000000000000000e+02 9.987253156355164752e-01
1.410000000000000000e+02 9.986987692155534502e-01
1.420000000000000000e+02 9.986721495752968192e-01
1.430000000000000000e+02 9.986454648254332600e-01
1.440000000000000000e+02 9.986187230962422223e-01
1.450000000000000000e+02 9.985919325351202414e-01
1.460000000000000000e+02 9.985651013040908186e-01
1.470000000000000000e+02 9.985382375773232955e-01
1.480000000000000000e+02 9.985136104818485014e-01
1.490000000000000000e+02 9.985142169860637962e-01
1.500000000000000000e+02 9.985148061960598120e-01
1.510000000000000000e+02 9.985153779261189966e-01
1.520000000000000000e+02 9.985159319959735491e-01
1.530000000000000000e+02 9.985164682308630413e-01
1.540000000000000000e+02 9.985169864616031399e-01
1.550000000000000000e+02 9.985174865246385645e-01
1.560000000000000000e+02 9.985179682621004860e-01
1.570000000000000000e+02 9.985184315218630369e-01
1.580000000000000000e+02 9.985188761575968242e-01
1.590000000000000000e+02 9.985193020288165577e-01
1.600000000000000000e+02 9.985197090009321208e-01
1.610000000000000000e+02 9.985200969452959763e-01
1.620000000000000000e+02 9.985204657392472427e-01
1.630000000000000000e+02 9.985208152661545489e-01
1.640000000000000000e+02 9.985211454154567789e-01
1.650000000000000000e+02 9.985214560827012642e-01
1.660000000000000000e+02 9.985217471695833069e-01
1.670000000000000000e+02 9.985220185839750462e-01
1.680000000000000000e+02 9.985222702399622063e-01
1.690000000000000000e+02 9.985225020578747390e-01
1.700000000000000000e+02 9.985227139643094718e-01
1.710000000000000000e+02 9.985229058921631928e-01
1.720000000000000000e+02 9.985230777806474167e-01
1.730000000000000000e+02 9.985232295753204701e-01
1.740000000000000000e+02 9.985233612280963733e-01
1.750000000000000000e+02 9.985234726972671560e-01
1.760000000000000000e+02 9.985235639475187330e-01
1.770000000000000000e+02 9.985236349499382325e-01
1.780000000000000000e+02 9.985236856820284279e-01
1.790000000000000000e+02 9.985237161277145113e-01
1.800000000000000000e+02 9.985237262773479783e-01
1.810000000000000000e+02 9.985237161277142892e-01
1.820000000000000000e+02 9.985236856820285389e-01
1.830000000000000000e+02 9.985236349499383435e-01
1.840000000000000000e+02 9.985235639475191771e-01
1.850000000000000000e+02 9.985234726972677111e-01
1.860000000000000000e+02 9.985233612280955962e-01
1.870000000000000000e+02 9.985232295753204701e-01
1.880000000000000000e+02 9.985230777806475277e-01
1.890000000000000000e+02 9.985229058921629708e-01
1.900000000000000000e+02 9.985227139643091387e-01
1.910000000000000000e+02 9.985225020578742949e-01
1.920000000000000000e+02 9.985222702399630945e-01
1.930000000000000000e+02 9.985220185839749352e-01
1.940000000000000000e+02 9.985217471695836400e-01
1.950000000000000000e+02 9.985214560827012642e-01
1.960000000000000000e+02 9.985211454154567789e-01
1.970000000000000000e+02 9.985208152661546599e-01
1.980000000000000000e+02 9.985204657392473537e-01
1.990000000000000000e+02 9.985200969452961983e-01
2.000000000000000000e+02 9.985197090009322318e-01
2.010000000000000000e+02 9.985193020288166688e-01
2.020000000000000000e+02 9.985188761575972682e-01
2.030000000000000000e+02 9.985184315218635920e-01
2.040000000000000000e+02 9.985179682620998198e-01
2.050000000000000000e+02 9.985174865246376763e-01
2.060000000000000000e+02 9.985169864616032509e-01
2.070000000000000000e+02 9.985164682308627082e-01
2.080000000000000000e+02 9.985159319959725499e-01
2.090000000000000000e+02 9.985153779261192186e-01
2.100000000000000000e+02 9.985148061960597010e-01
2.110000000000000000e+02 9.985142169860634631e-01
2.120000000000000000e+02 9.985136104818485014e-01
2.130000000000000000e+02 9.985129868745193926e-01
2.140000000000000000e+02 9.985123463604973493e-01
2.150000000000000000e+02 9.985116891414554940e-01
2.160000000000000000e+02 9.985110154242498037e-01
2.170000000000000000e+02 9.985103254208466117e-01
2.180000000000000000e+02 9.985096193482474458e-01
2.190000000000000000e+02 9.985088974284211938e-01
2.200000000000000000e+02 9.985081598882228349e-01
2.210000000000000000e+02 9.985074069593153911e-01
2.220000000000000000e+02 9.985066388780955426e-01
2.230000000000000000e+02 9.985058558856082511e-01
2.240000000000000000e+02 9.985050582274677122e-01
2.250000000000000000e+02 9.985042461537716463e-01
2.260000000000000000e+02 9.985034199190183646e-01
2.270000000000000000e+02 9.985025797820196169e-01
2.280000000000000000e+02 9.985017260058131061e-01
2.290000000000000000e+02 9.985008588575740029e-01
2.300000000000000000e+02 9.984999786085253515e-01
2.310000000000000000e+02 9.984990855338442550e-01
2.320000000000000000e+02 9.984981799125731694e-01
2.330000000000000000e+02 9.984972620275242017e-01
2.340000000000000000e+02 9.984963321651842971e-01
2.350000000000000000e+02 9.984953906156205372e-01
2.360000000000000000e+02 9.984944376723835502e-01
2.370000000000000000e+02 9.984934736324081461e-01
2.380000000000000000e+02 9.984924987959176157e-01
2.390000000000000000e+02 9.984915134663212566e-01
2.400000000000000000e+02 9.984905179501171180e-01
2.410000000000000000e+02 9.984895125567873064e-01
2.420000000000000000e+02 9.984884975987000644e-01
2.430000000000000000e+02 9.984874733910039657e-01
2.440000000000000000e+02 9.984864402515257753e-01
2.450000000000000000e+02 9.984853985006681976e-01
2.460000000000000000e+02 9.984843484613022957e-01
2.470000000000000000e+02 9.984832904586626867e-01
2.480000000000000000e+02 9.984822248202465111e-01
2.490000000000000000e+02 9.984811518757004123e-01
2.500000000000000000e+02 9.984800719567189509e-01
2.510000000000000000e+02 9.984789853969363582e-01
2.520000000000000000e+02 9.984778925318195109e-01
2.530000000000000000e+02 9.984767936985581294e-01
2.540000000000000000e+02 9.984756892359577529e-01
2.550000000000000000e+02 9.984745794843362665e-01
2.560000000000000000e+02 9.984734647854075495e-01
2.570000000000000000e+02 9.984723454821777811e-01
2.580000000000000000e+02 9.984712219188383031e-01
2.590000000000000000e+02 9.984700944406493806e-01
2.600000000000000000e+02 9.984689633938412801e-01
2.610000000000000000e+02 9.984678291254968086e-01
2.620000000000000000e+02 9.984666919834488397e-01
2.630000000000000000e+02 9.984655523161680701e-01
2.640000000000000000e+02 9.984644104726523306e-01
2.650000000000000000e+02 9.984632668023241120e-01
2.660000000000000000e+02 9.984621216549186551e-01
2.670000000000000000e+02 9.984609753803734833e-01
2.680000000000000000e+02 9.984598283287243747e-01
2.690000000000000000e+02 9.984586808499968935e-01
2.700000000000000000e+02 9.984578688009152492e-01
2.710000000000000000e+02 9.984578754929931410e-01
2.720000000000000000e+02 9.984578820406642130e-01
2.730000000000000000e+02 9.984578884359492923e-01
2.740000000000000000e+02 9.984578946710576108e-01
2.750000000000000000e+02 9.984579007383931337e-01
2.760000000000000000e+02 9.984579066305631079e-01
2.770000000000000000e+02 9.984579123403889422e-01
2.780000000000000000e+02 9.984579178609146455e-01
2.790000000000000000e+02 9.984579231854135983e-01
2.800000000000000000e+02 9.984579283073986566e-01
2.810000000000000000e+02 9.984579332206299229e-01
2.820000000000000000e+02 9.984579379191212967e-01
2.830000000000000000e+02 9.984579423971481349e-01
2.840000000000000000e+02 9.984579466492552458e-01
2.850000000000000000e+02 9.984579506702611074e-01
2.860000000000000000e+02 9.984579544552678598e-01
2.870000000000000000e+02 9.984579579996633036e-01
2.880000000000000000e+02 9.984579612991294484e-01
2.890000000000000000e+02 9.984579643496457324e-01
2.900000000000000000e+02 9.984579671474973495e-01
2.910000000000000000e+02 9.984579696892732503e-01
2.920000000000000000e+02 9.984579719718781332e-01
2.930000000000000000e+02 9.984579739925304454e-01
2.940000000000000000e+02 9.984579757487684892e-01
2.950000000000000000e+02 9.984579772384535312e-01
2.960000000000000000e+02 9.984579784597690244e-01
2.970000000000000000e+02 9.984579794112272699e-01
2.980000000000000000e+02 9.984579800916696390e-01
2.990000000000000000e+02 9.984579805002669062e-01
3.000000000000000000e+02 9.984579806365216914e-01
3.010000000000000000e+02 9.984579805002671282e-01
3.020000000000000000e+02 9.984579800916697501e-01
3.030000000000000000e+02 9.984579794112270479e-01
3.040000000000000000e+02 9.984579784597686913e-01
3.050000000000000000e+02 9.984579772384534202e-01
3.060000000000000000e+02 9.984579757487687113e-01
3.070000000000000000e+02 9.984579739925304454e-01
3.080000000000000000e+02 9.984579719718781332e-01
3.090000000000000000e+02 9.984579696892732503e-01
3.100000000000000000e+02 9.984579671474972384e-01
3.110000000000000000e+02 9.984579643496457324e-01
3.120000000000000000e+02 9.984579612991294484e-01
3.130000000000000000e+02 9.984579579996633036e-01
3.140000000000000000e+02 9.984579544552677488e-01
3.150000000000000000e+02 9.984579506702611074e-01
3.160000000000000000e+02 9.984579466492551347e-01
3.170000000000000000e+02 9.984579423971481349e-01
3.180000000000000000e+02 9.984579379191214077e-01
3.190000000000000000e+02 9.984579332206299229e-01
3.200000000000000000e+02 9.984579283073985456e-01
3.210000000000000000e+02 9.984579231854135983e-01
3.220000000000000000e+02 9.984579178609148675e-01
3.230000000000000000e+02 9.984579123403888312e-01
3.240000000000000000e+02 9.984579066305631079e-01
3.250000000000000000e+02 9.984579007383931337e-01
3.260000000000000000e+02 9.984578946710573888e-01
3.270000000000000000e+02 9.984578884359492923e-01
3.280000000000000000e+02 9.984578820406637689e-01
3.290000000000000000e+02 9.984578754929931410e-01
3.300000000000000000e+02 9.984578688009153602e-01
3.310000000000000000e+02 9.984844453790170382e-01
3.320000000000000000e+02 9.985113495386407356e-01
3.330000000000000000e+02 9.985382375773239616e-01
3.340000000000000000e+02 9.985651013040912627e-01
3.350000000000000000e+02 9.985919325351203524e-01
3.360000000000000000e+02 9.986187230962428885e-01
3.370000000000000000e+02 9.986454648254337041e-01
3.380000000000000000e+02 9.986721495752960420e-01
3.390000000000000000e+02 9.986987692155524510e-01
3.400000000000000000e+02 9.987253156355165862e-01
3.410000000000000000e+02 9.987517807465694508e-01
3.420000000000000000e+02 9.987781564846235360e-01
3.430000000000000000e+02 9.988044348125887373e-01
3.440000000000000000e+02 9.988306077228152891e-01
3.450000000000000000e+02 9.988566672395424728e-01
3.460000000000000000e+02 9.988826054213308936e-01
3.470000000000000000e+02 9.989084143634857638e-01
3.480000000000000000e+02 9.989340862004667532e-01
3.490000000000000000e+02 9.989596131082938424e-01
3.500000000000000000e+02 9.989849873069280850e-01
3.510000000000000000e+02 9.990102010626542572e-01
3.520000000000000000e+02 9.990352466904384166e-01
3.530000000000000000e+02 9.990601165562730257e-01
3.540000000000000000e+02 9.990848030795144163e-01
3.550000000000000000e+02 9.991092987351883892e-01
3.560000000000000000e+02 9.991335960562999219e-01
3.570000000000000000e+02 9.991576876361025761e-01
3.580000000000000000e+02 9.991815661303733442e-01
3.590000000000000000e+02 9.992052242596455303e-01
3.600000000000000000e+02 9.992286548114422962e-01
