0.000000000000000000e+00 9.984576451297030308e-01
1.000000000000000000e+00 9.984576384376251390e-01
2.000000000000000000e+00 9.984576318899547331e-01
3.000000000000000000e+00 9.984576254946695428e-01
4.000000000000000000e+00 9.984576192595608912e-01
5.000000000000000000e+00 9.984576131922254794e-01
6.000000000000000000e+00 9.984576073000555052e-01
7.000000000000000000e+00 9.984576015902297819e-01
8.000000000000000000e+00 9.984575960697039676e-01
9.000000000000000000e+00 9.984575907452050147e-01
1.000000000000000000e+01 9.984575856232201785e-01
1.100000000000000000e+01 9.984575807099890232e-01
1.200000000000000000e+01 9.984575760114975385e-01
1.300000000000000000e+01 9.984575715334703672e-01
1.400000000000000000e+01 9.984575672813634784e-01
1.500000000000000000e+01 9.984575632603572837e-01
1.600000000000000000e+01 9.984575594753509753e-01
1.700000000000000000e+01 9.984575559309556425e-01
1.800000000000000000e+01 9.984575526314896088e-01
1.900000000000000000e+01 9.984575495809725476e-01
2.000000000000000000e+01 9.984575467831213746e-01
2.100000000000000000e+01 9.984575442413454738e-01
2.200000000000000000e+01 9.984575419587402578e-01
2.300000000000000000e+01 9.984575399380880567e-01
2.400000000000000000e+01 9.984575381818497908e-01
2.500000000000000000e+01 9.984575366921650819e-01
2.600000000000000000e+01 9.984575354708500328e-01
2.700000000000000000e+01 9.984575345193913432e-01
2.800000000000000000e+01 9.984575338389487520e-01
2.900000000000000000e+01 9.984575334303517069e-01
3.000000000000000000e+01 9.984575332940969217e-01
3.100000000000000000e+01 9.984575334303515959e-01
3.200000000000000000e+01 9.984575338389487520e-01
3.300000000000000000e+01 9.984575345193914542e-01
3.400000000000000000e+01 9.984575354708498107e-01
3.500000000000000000e+01 9.984575366921651929e-01
3.600000000000000000e+01 9.984575381818497908e-01
3.700000000000000000e+01 9.984575399380881677e-01
3.800000000000000000e+01 9.984575419587402578e-01
3.900000000000000000e+01 9.984575442413452517e-01
4.000000000000000000e+01 9.984575467831214857e-01
4.100000000000000000e+01 9.984575495809724366e-01
4.200000000000000000e+01 9.984575526314894978e-01
4.300000000000000000e+01 9.984575559309555315e-01
4.400000000000000000e+01 9.984575594753508643e-01
4.500000000000000000e+01 9.984575632603572837e-01
4.600000000000000000e+01 9.984575672813634784e-01
4.700000000000000000e+01 9.984575715334702561e-01
4.800000000000000000e+01 9.984575760114975385e-01
4.900000000000000000e+01 9.984575807099888012e-01
5.000000000000000000e+01 9.984575856232200675e-01
5.100000000000000000e+01 9.984575907452051258e-01
5.200000000000000000e+01 9.984575960697040786e-01
5.300000000000000000e+01 9.984576015902297819e-01
5.400000000000000000e+01 9.984576073000552832e-01
5.500000000000000000e+01 9.984576131922254794e-01
5.600000000000000000e+01 9.984576192595610022e-01
5.700000000000000000e+01 9.984576254946695428e-01
5.800000000000000000e+01 9.984576318899545111e-01
5.900000000000000000e+01 9.984576384376250280e-01
6.000000000000000000e+01 9.984576451297030308e-01
6.100000000000000000e+01 9.984576519580358189e-01
6.200000000000000000e+01 9.984576589143037140e-01
6.300000000000000000e+01 9.984576659900312734e-01
6.400000000000000000e+01 9.984576731765982816e-01
6.500000000000000000e+01 9.984576804652495197e-01
6.600000000000000000e+01 9.984576878471030925e-01
6.700000000000000000e+01 9.984576953131678589e-01
6.800000000000000000e+01 9.984577028543453192e-01
6.900000000000000000e+01 9.984577104614493770e-01
7.000000000000000000e+01 9.984577181252110023e-01
7.100000000000000000e+01 9.984577258362933305e-01
7.200000000000000000e+01 9.984577335853010993e-01
7.300000000000000000e+01 9.984577413627943043e-01
7.400000000000000000e+01 9.984577491592967480e-01
7.500000000000000000e+01 9.984577569653094731e-01
7.600000000000000000e+01 9.984577647713219761e-01
7.700000000000000000e+01 9.984577725678243088e-01
7.800000000000000000e+01 9.984577803453172917e-01
7.900000000000000000e+01 9.984577880943255046e-01
8.000000000000000000e+01 9.984577958054078328e-01
8.100000000000000000e+01 9.984578034691690140e-01
8.200000000000000000e+01 9.984578110762729608e-01
8.300000000000000000e+01 9.984578186174508652e-01
8.400000000000000000e+01 9.984578260835149655e-01
8.500000000000000000e+01 9.984578334653689824e-01
8.600000000000000000e+01 9.984578407540205536e-01
8.700000000000000000e+01 9.984578479405873397e-01
8.800000000000000000e+01 9.984578550163150101e-01
8.900000000000000000e+01 9.984578619725829052e-01
9.000000000000000000e+01 9.984578688009152492e-01
9.100000000000000000e+01 9.984586808499973376e-01
9.200000000000000000e+01 9.984598283287244858e-01
9.300000000000000000e+01 9.984609753803731502e-01
9.400000000000000000e+01 9.984621216549186551e-01
9.500000000000000000e+01 9.984632668023242230e-01
9.600000000000000000e+01 9.984644104726524416e-01
9.700000000000000000e+01 9.984655523161672930e-01
9.800000000000000000e+01 9.984666919834491727e-01
9.900000000000000000e+01 9.984678291254971416e-01
1.000000000000000000e+02 9.984689633938409470e-01
1.010000000000000000e+02 9.984700944406494916e-01
1.020000000000000000e+02 9.984712219188383031e-01
1.030000000000000000e+02 9.984723454821781141e-01
1.040000000000000000e+02 9.984734647854076606e-01
1.050000000000000000e+02 9.984745794843361555e-01
1.060000000000000000e+02 9.984756892359577529e-01
1.070000000000000000e+02 9.984767936985576853e-01
1.080000000000000000e+02 9.984778925318190668e-01
1.090000000000000000e+02 9.984789853969369133e-01
1.100000000000000000e+02 9.984800719567191729e-01
1.110000000000000000e+02 9.984811518757010784e-01
1.120000000000000000e+02 9.984822248202468442e-01
1.130000000000000000e+02 9.984832904586630198e-01
1.140000000000000000e+02 9.984843484613024067e-01
1.150000000000000000e+02 9.984853985006688637e-01
1.160000000000000000e+02 9.984864402515257753e-01
1.170000000000000000e+02 9.984874733910044098e-01
1.180000000000000000e+02 9.984884975987006195e-01
1.190000000000000000e+02 9.984895125567874175e-01
1.200000000000000000e+02 9.984905179501168959e-01
1.210000000000000000e+02 9.984915134663217007e-01
1.220000000000000000e+02 9.984924987959171716e-01
1.230000000000000000e+02 9.984934736324077020e-01
1.240000000000000000e+02 9.984944376723836612e-01
1.250000000000000000e+02 9.984953906156205372e-01
1.260000000000000000e+02 9.984963321651842971e-01
1.270000000000000000e+02 9.984972620275242017e-01
1.280000000000000000e+02 9.984981799125732804e-01
1.290000000000000000e+02 9.984990855338444771e-01
1.300000000000000000e+02 9.984999786085256845e-01
1.310000000000000000e+02 9.985008588575741140e-01
1.320000000000000000e+02 9.985017260058127730e-01
1.330000000000000000e+02 9.985025797820190618e-01
1.340000000000000000e+02 9.985034199190176984e-01
1.350000000000000000e+02 9.985042461537717573e-01
1.360000000000000000e+02 9.985050582274674902e-01
1.370000000000000000e+02 9.985058558856085842e-01
1.380000000000000000e+02 9.985066388780953206e-01
1.390000000000000000e+02 9.985074069593153911e-01
1.400000000000000000e+02 9.985081598882225018e-01
1.410000000000000000e+02 9.985088974284215269e-01
1.420000000000000000e+02 9.985096193482481119e-01
1.430000000000000000e+02 9.985103254208460566e-01
1.440000000000000000e+02 9.985110154242495817e-01
1.450000000000000000e+02 9.985116891414558271e-01
1.460000000000000000e+02 9.985123463604972383e-01
1.470000000000000000e+02 9.985129868745190596e-01
1.480000000000000000e+02 9.985113495386402915e-01
1.490000000000000000e+02 9.984844453790169272e-01
1.500000000000000000e+02 9.984578688009153602e-01
1.510000000000000000e+02 9.984578619725829052e-01
1.520000000000000000e+02 9.984578550163150101e-01
1.530000000000000000e+02 9.984578479405870066e-01
1.540000000000000000e+02 9.984578407540204426e-01
1.550000000000000000e+02 9.984578334653689824e-01
1.560000000000000000e+02 9.984578260835147434e-01
1.570000000000000000e+02 9.984578186174508652e-01
1.580000000000000000e+02 9.984578110762730718e-01
1.590000000000000000e+02 9.984578034691690140e-01
1.600000000000000000e+02 9.984577958054077218e-01
1.610000000000000000e+02 9.984577880943255046e-01
1.620000000000000000e+02 9.984577803453171807e-01
1.630000000000000000e+02 9.984577725678241977e-01
1.640000000000000000e+02 9.984577647713219761e-01
1.650000000000000000e+02 9.984577569653092510e-01
1.660000000000000000e+02 9.984577491592967480e-01
1.670000000000000000e+02 9.984577413627941933e-01
1.680000000000000000e+02 9.984577335853009883e-01
1.690000000000000000e+02 9.984577258362932195e-01
1.700000000000000000e+02 9.984577181252107803e-01
1.710000000000000000e+02 9.984577104614494880e-01
1.720000000000000000e+02 9.984577028543454302e-01
1.730000000000000000e+02 9.984576953131678589e-01
1.740000000000000000e+02 9.984576878471033146e-01
1.750000000000000000e+02 9.984576804652491866e-01
1.760000000000000000e+02 9.984576731765982816e-01
1.770000000000000000e+02 9.984576659900312734e-01
1.780000000000000000e+02 9.984576589143037140e-01
1.790000000000000000e+02 9.984576519580355969e-01
1.800000000000000000e+02 9.984576451297030308e-01
1.810000000000000000e+02 9.984576384376251390e-01
1.820000000000000000e+02 9.984576318899544001e-01
1.830000000000000000e+02 9.984576254946694318e-01
1.840000000000000000e+02 9.984576192595611133e-01
1.850000000000000000e+02 9.984576131922254794e-01
1.860000000000000000e+02 9.984576073000552832e-01
1.870000000000000000e+02 9.984576015902295598e-01
1.880000000000000000e+02 9.984575960697038566e-01
1.890000000000000000e+02 9.984575907452050147e-01
1.900000000000000000e+02 9.984575856232199564e-01
1.910000000000000000e+02 9.984575807099888012e-01
1.920000000000000000e+02 9.984575760114977605e-01
1.930000000000000000e+02 9.984575715334704782e-01
1.940000000000000000e+02 9.984575672813635894e-01
1.950000000000000000e+02 9.984575632603571727e-01
1.960000000000000000e+02 9.984575594753509753e-01
1.970000000000000000e+02 9.984575559309555315e-01
1.980000000000000000e+02 9.984575526314894978e-01
1.990000000000000000e+02 9.984575495809724366e-01
2.000000000000000000e+02 9.984575467831214857e-01
2.010000000000000000e+02 9.984575442413455848e-01
2.020000000000000000e+02 9.984575419587403688e-01
2.030000000000000000e+02 9.984575399380880567e-01
2.040000000000000000e+02 9.984575381818495687e-01
2.050000000000000000e+02 9.984575366921650819e-01
2.060000000000000000e+02 9.984575354708498107e-01
2.070000000000000000e+02 9.984575345193914542e-01
2.080000000000000000e+02 9.984575338389487520e-01
2.090000000000000000e+02 9.984575334303514849e-01
2.100000000000000000e+02 9.984575332940970327e-01
2.110000000000000000e+02 9.984575334303515959e-01
2.120000000000000000e+02 9.984575338389486410e-01
2.130000000000000000e+02 9.984575345193914542e-01
2.140000000000000000e+02 9.984575354708496997e-01
2.150000000000000000e+02 9.984575366921653039e-01
2.160000000000000000e+02 9.984575381818497908e-01
2.170000000000000000e+02 9.984575399380880567e-01
2.180000000000000000e+02 9.984575419587403688e-01
2.190000000000000000e+02 9.984575442413454738e-01
2.200000000000000000e+02 9.984575467831215967e-01
2.210000000000000000e+02 9.984575495809725476e-01
2.220000000000000000e+02 9.984575526314896088e-01
2.230000000000000000e+02 9.984575559309555315e-01
2.240000000000000000e+02 9.984575594753508643e-01
2.250000000000000000e+02 9.984575632603572837e-01
2.260000000000000000e+02 9.984575672813635894e-01
2.270000000000000000e+02 9.984575715334703672e-01
2.280000000000000000e+02 9.984575760114976495e-01
2.290000000000000000e+02 9.984575807099889122e-01
2.300000000000000000e+02 9.984575856232200675e-01
2.310000000000000000e+02 9.984575907452050147e-01
2.320000000000000000e+02 9.984575960697039676e-01
2.330000000000000000e+02 9.984576015902295598e-01
2.340000000000000000e+02 9.984576073000556162e-01
2.350000000000000000e+02 9.984576131922255904e-01
2.360000000000000000e+02 9.984576192595610022e-01
2.370000000000000000e+02 9.984576254946695428e-01
2.380000000000000000e+02 9.984576318899544001e-01
2.390000000000000000e+02 9.984576384376251390e-01
2.400000000000000000e+02 9.984576451297033639e-01
2.410000000000000000e+02 9.984576519580359300e-01
2.420000000000000000e+02 9.984576589143037140e-01
2.430000000000000000e+02 9.984576659900312734e-01
2.440000000000000000e+02 9.984576731765981705e-01
2.450000000000000000e+02 9.984576804652491866e-01
2.460000000000000000e+02 9.984576878471034256e-01
2.470000000000000000e+02 9.984576953131675259e-01
2.480000000000000000e+02 9.984577028543453192e-01
2.490000000000000000e+02 9.984577104614492660e-01
2.500000000000000000e+02 9.984577181252111133e-01
2.510000000000000000e+02 9.984577258362932195e-01
2.520000000000000000e+02 9.984577335853009883e-01
2.530000000000000000e+02 9.984577413627944154e-01
2.540000000000000000e+02 9.984577491592966370e-01
2.550000000000000000e+02 9.984577569653094731e-01
2.560000000000000000e+02 9.984577647713219761e-01
2.570000000000000000e+02 9.984577725678244198e-01
2.580000000000000000e+02 9.984577803453172917e-01
2.590000000000000000e+02 9.984577880943253936e-01
2.600000000000000000e+02 9.984577958054077218e-01
2.610000000000000000e+02 9.984578034691690140e-01
2.620000000000000000e+02 9.984578110762729608e-01
2.630000000000000000e+02 9.984578186174510872e-01
2.640000000000000000e+02 9.984578260835149655e-01
2.650000000000000000e+02 9.984578334653689824e-01
2.660000000000000000e+02 9.984578407540204426e-01
2.670000000000000000e+02 9.984578479405872287e-01
2.680000000000000000e+02 9.984578550163148991e-01
2.690000000000000000e+02 9.984578619725829052e-01
2.700000000000000000e+02 9.984575332940973658e-01
2.710000000000000000e+02 9.984563860107067423e-01
2.720000000000000000e+02 9.984552393491743505e-01
2.730000000000000000e+02 9.984540936584105353e-01
2.740000000000000000e+02 9.984529492867820766e-01
2.750000000000000000e+02 9.984518065820066068e-01
2.760000000000000000e+02 9.984506658910476951e-01
2.770000000000000000e+02 9.984495275600088204e-01
2.780000000000000000e+02 9.984483919340322311e-01
2.790000000000000000e+02 9.984472593571945831e-01
2.800000000000000000e+02 9.984461301724030236e-01
2.810000000000000000e+02 9.984450047212969359e-01
2.820000000000000000e+02 9.984438833441413585e-01
2.830000000000000000e+02 9.984427663797330599e-01
2.840000000000000000e+02 9.984416541652956223e-01
2.850000000000000000e+02 9.984405470363799662e-01
2.860000000000000000e+02 9.984394453267696479e-01
2.870000000000000000e+02 9.984383493683843813e-01
2.880000000000000000e+02 9.984372594911760102e-01
2.890000000000000000e+02 9.984361760230416882e-01
2.900000000000000000e+02 9.984350992897219612e-01
2.910000000000000000e+02 9.984340296147117266e-01
2.920000000000000000e+02 9.984329673191624233e-01
2.930000000000000000e+02 9.984319127217966550e-01
2.940000000000000000e+02 9.984308661388092698e-01
2.950000000000000000e+02 9.984298278837830942e-01
2.960000000000000000e+02 9.984287982675962292e-01
2.970000000000000000e+02 9.984277775983360081e-01
2.980000000000000000e+02 9.984267661812098460e-01
2.990000000000000000e+02 9.984257643184633046e-01
3.000000000000000000e+02 9.984247723092907201e-01
3.010000000000000000e+02 9.984237904497520466e-01
3.020000000000000000e+02 9.984228190326910335e-01
3.030000000000000000e+02 9.984218583476556219e-01
3.040000000000000000e+02 9.984209086808145672e-01
3.050000000000000000e+02 9.984199703148791682e-01
3.060000000000000000e+02 9.984190435290243304e-01
3.070000000000000000e+02 9.984181285988122934e-01
3.080000000000000000e+02 9.984172257961182462e-01
3.090000000000000000e+02 9.984163353890557202e-01
3.100000000000000000e+02 9.984154576418969862e-01
3.110000000000000000e+02 9.984145928150129912e-01
3.120000000000000000e+02 9.984137411647899807e-01
3.130000000000000000e+02 9.984129029435696578e-01
3.140000000000000000e+02 9.984120783995757975e-01
3.150000000000000000e+02 9.984112677768475219e-01
3.160000000000000000e+02 9.984104713151767951e-01
3.170000000000000000e+02 9.984096892500412546e-01
3.180000000000000000e+02 9.984089218125397069e-01
3.190000000000000000e+02 9.984081692293369503e-01
3.200000000000000000e+02 9.984074317225937190e-01
3.210000000000000000e+02 9.984067095099179445e-01
3.220000000000000000e+02 9.984060028043001411e-01
3.230000000000000000e+02 9.984053118140563399e-01
3.240000000000000000e+02 9.984046367427807933e-01
3.250000000000000000e+02 9.984039777892833589e-01
3.260000000000000000e+02 9.984033351475435358e-01
3.270000000000000000e+02 9.984027090066559529e-01
3.280000000000000000e+02 9.984037181392579896e-01
3.290000000000000000e+02 9.984306214816859315e-01
3.300000000000000000e+02 9.984575332940970327e-01
3.310000000000000000e+02 9.984578619725827942e-01
3.320000000000000000e+02 9.984578550163151212e-01
3.330000000000000000e+02 9.984578479405872287e-01
3.340000000000000000e+02 9.984578407540204426e-01
3.350000000000000000e+02 9.984578334653690934e-01
3.360000000000000000e+02 9.984578260835147434e-01
3.370000000000000000e+02 9.984578186174509762e-01
3.380000000000000000e+02 9.984578110762729608e-01
3.390000000000000000e+02 9.984578034691690140e-01
3.400000000000000000e+02 9.984577958054078328e-01
3.410000000000000000e+02 9.984577880943253936e-01
3.420000000000000000e+02 9.984577803453172917e-01
3.430000000000000000e+02 9.984577725678241977e-01
3.440000000000000000e+02 9.984577647713220871e-01
3.450000000000000000e+02 9.984577569653094731e-01
3.460000000000000000e+02 9.984577491592967480e-01
3.470000000000000000e+02 9.984577413627943043e-01
3.480000000000000000e+02 9.984577335853008773e-01
3.490000000000000000e+02 9.984577258362933305e-01
3.500000000000000000e+02 9.984577181252110023e-01
3.510000000000000000e+02 9.984577104614492660e-01
3.520000000000000000e+02 9.984577028543453192e-01
3.530000000000000000e+02 9.984576953131677479e-01
3.540000000000000000e+02 9.984576878471033146e-01
3.550000000000000000e+02 9.984576804652491866e-01
3.560000000000000000e+02 9.984576731765983926e-01
3.570000000000000000e+02 9.984576659900312734e-01
3.580000000000000000e+02 9.984576589143038250e-01
3.590000000000000000e+02 9.984576519580358189e-01
3.600000000000000000e+02 9.984576451297030308e-01
