0.000000000000000000e+00 9.983922349956952935e-01
1.000000000000000000e+00 9.983922448728210775e-01
2.000000000000000000e+00 9.983922745013121824e-01
3.000000000000000000e+00 9.983923238725175286e-01
4.000000000000000000e+00 9.983923929720194268e-01
5.000000000000000000e+00 9.983924817796400175e-01
6.000000000000000000e+00 9.983925902694420484e-01
7.000000000000000000e+00 9.983927184097420859e-01
8.000000000000000000e+00 9.983928661631095158e-01
9.000000000000000000e+00 9.983930334863848621e-01
1.000000000000000000e+01 9.983932203306852271e-01
1.100000000000000000e+01 9.983934266414186132e-01
1.200000000000000000e+01 9.983936523582965794e-01
1.300000000000000000e+01 9.983938974153525603e-01
1.400000000000000000e+01 9.983941617409534119e-01
1.500000000000000000e+01 9.983944452578217277e-01
1.600000000000000000e+01 9.983947478830541566e-01
1.700000000000000000e+01 9.983950695281429422e-01
1.800000000000000000e+01 9.983954100989956837e-01
1.900000000000000000e+01 9.983957694959645357e-01
2.000000000000000000e+01 9.983961476138650815e-01
2.100000000000000000e+01 9.983965443420106389e-01
2.200000000000000000e+01 9.983969595642325778e-01
2.300000000000000000e+01 9.983973931589157358e-01
2.400000000000000000e+01 9.983978449990275061e-01
2.500000000000000000e+01 9.983983149521492573e-01
2.600000000000000000e+01 9.983988028805137471e-01
2.700000000000000000e+01 9.983993086410364315e-01
2.800000000000000000e+01 9.983998320853558761e-01
2.900000000000000000e+01 9.984003730598690618e-01
3.000000000000000000e+01 9.984009314057723516e-01
3.100000000000000000e+01 9.984015069591034575e-01
3.200000000000000000e+01 9.984020995507822960e-01
3.300000000000000000e+01 9.984027090066561749e-01
3.400000000000000000e+01 9.984033351475442020e-01
3.500000000000000000e+01 9.984039777892834699e-01
3.600000000000000000e+01 9.984046367427807933e-01
3.700000000000000000e+01 9.984053118140567840e-01
3.800000000000000000e+01 9.984060028042996970e-01
3.900000000000000000e+01 9.984067095099181666e-01
4.000000000000000000e+01 9.984074317225937190e-01
4.100000000000000000e+01 9.984081692293362842e-01
4.200000000000000000e+01 9.984089218125398180e-01
4.300000000000000000e+01 9.984096892500410325e-01
4.400000000000000000e+01 9.984104713151767951e-01
4.500000000000000000e+01 9.984112677768480770e-01
4.600000000000000000e+01 9.984120783995760195e-01
4.700000000000000000e+01 9.984129029435696578e-01
4.800000000000000000e+01 9.984137411647900917e-01
4.900000000000000000e+01 9.984145928150128801e-01
5.000000000000000000e+01 9.984154576418968752e-01
5.100000000000000000e+01 9.984163353890554982e-01
5.200000000000000000e+01 9.984172257961184682e-01
5.300000000000000000e+01 9.984181285988121823e-01
5.400000000000000000e+01 9.984190435290239973e-01
5.500000000000000000e+01 9.984199703148789462e-01
5.600000000000000000e+01 9.984209086808150113e-01
5.700000000000000000e+01 9.984218583476556219e-01
5.800000000000000000e+01 9.984228190326908114e-01
5.900000000000000000e+01 9.984237904497513805e-01
6.000000000000000000e+01 9.984247723092904980e-01
6.100000000000000000e+01 9.984257643184636377e-01
6.200000000000000000e+01 9.984267661812101791e-01
6.300000000000000000e+01 9.984277775983354530e-01
6.400000000000000000e+01 9.984287982675956741e-01
6.500000000000000000e+01 9.984298278837833163e-01
6.600000000000000000e+01 9.984308661388089368e-01
6.700000000000000000e+01 9.984319127217963219e-01
6.800000000000000000e+01 9.984329673191624233e-01
6.900000000000000000e+01 9.984340296147112825e-01
7.000000000000000000e+01 9.984350992897212951e-01
7.100000000000000000e+01 9.984361760230421323e-01
7.200000000000000000e+01 9.984372594911767873e-01
7.300000000000000000e+01 9.984383493683848254e-01
7.400000000000000000e+01 9.984394453267699809e-01
7.500000000000000000e+01 9.984405470363799662e-01
7.600000000000000000e+01 9.984416541652948451e-01
7.700000000000000000e+01 9.984427663797332819e-01
7.800000000000000000e+01 9.984438833441414696e-01
7.900000000000000000e+01 9.984450047212966028e-01
8.000000000000000000e+01 9.984461301724025795e-01
8.100000000000000000e+01 9.984472593571942500e-01
8.200000000000000000e+01 9.984483919340321201e-01
8.300000000000000000e+01 9.984495275600090425e-01
8.400000000000000000e+01 9.984506658910484722e-01
8.500000000000000000e+01 9.984518065820071619e-01
8.600000000000000000e+01 9.984529492867822986e-01
8.700000000000000000e+01 9.984540936584108684e-01
8.800000000000000000e+01 9.984552393491740174e-01
8.900000000000000000e+01 9.984563860107066313e-01
9.000000000000000000e+01 9.984575332940974768e-01
9.100000000000000000e+01 9.984578754929931410e-01
9.200000000000000000e+01 9.984578820406639910e-01
9.300000000000000000e+01 9.984578884359492923e-01
9.400000000000000000e+01 9.984578946710576108e-01
9.500000000000000000e+01 9.984579007383932447e-01
9.600000000000000000e+01 9.984579066305632189e-01
9.700000000000000000e+01 9.984579123403888312e-01
9.800000000000000000e+01 9.984579178609147565e-01
9.900000000000000000e+01 9.984579231854135983e-01
1.000000000000000000e+02 9.984579283073985456e-01
1.010000000000000000e+02 9.984579332206299229e-01
1.020000000000000000e+02 9.984579379191214077e-01
1.030000000000000000e+02 9.984579423971479128e-01
1.040000000000000000e+02 9.984579466492552458e-01
1.050000000000000000e+02 9.984579506702612184e-01
1.060000000000000000e+02 9.984579544552678598e-01
1.070000000000000000e+02 9.984579579996633036e-01
1.080000000000000000e+02 9.984579612991294484e-01
1.090000000000000000e+02 9.984579643496457324e-01
1.100000000000000000e+02 9.984579671474973495e-01
1.110000000000000000e+02 9.984579696892732503e-01
1.120000000000000000e+02 9.984579719718781332e-01
1.130000000000000000e+02 9.984579739925303343e-01
1.140000000000000000e+02 9.984579757487684892e-01
1.150000000000000000e+02 9.984579772384534202e-01
1.160000000000000000e+02 9.984579784597686913e-01
1.170000000000000000e+02 9.984579794112270479e-01
1.180000000000000000e+02 9.984579800916697501e-01
1.190000000000000000e+02 9.984579805002671282e-01
1.200000000000000000e+02 9.984579806365214694e-01
1.210000000000000000e+02 9.984579805002672392e-01
1.220000000000000000e+02 9.984579800916697501e-01
1.230000000000000000e+02 9.984579794112270479e-01
1.240000000000000000e+02 9.984579784597690244e-01
1.250000000000000000e+02 9.984579772384535312e-01
1.260000000000000000e+02 9.984579757487686003e-01
1.270000000000000000e+02 9.984579739925305564e-01
1.280000000000000000e+02 9.984579719718781332e-01
1.290000000000000000e+02 9.984579696892732503e-01
1.300000000000000000e+02 9.984579671474973495e-01
1.310000000000000000e+02 9.984579643496458434e-01
1.320000000000000000e+02 9.984579612991295594e-01
1.330000000000000000e+02 9.984579579996631926e-01
1.340000000000000000e+02 9.984579544552677488e-01
1.350000000000000000e+02 9.984579506702611074e-01
1.360000000000000000e+02 9.984579466492552458e-01
1.370000000000000000e+02 9.984579423971481349e-01
1.380000000000000000e+02 9.984579379191212967e-01
1.390000000000000000e+02 9.984579332206298119e-01
1.400000000000000000e+02 9.984579283073985456e-01
1.410000000000000000e+02 9.984579231854137094e-01
1.420000000000000000e+02 9.984579178609149785e-01
1.430000000000000000e+02 9.984579123403889422e-01
1.440000000000000000e+02 9.984579066305632189e-01
1.450000000000000000e+02 9.984579007383932447e-01
1.460000000000000000e+02 9.984578946710574998e-01
1.470000000000000000e+02 9.984578884359489592e-01
1.480000000000000000e+02 9.984578820406639910e-01
1.490000000000000000e+02 9.984578754929932520e-01
1.500000000000000000e+02 9.984575332940970327e-01
1.510000000000000000e+02 9.984306214816854874e-01
1.520000000000000000e+02 9.984037181392584337e-01
1.530000000000000000e+02 9.983768314614586137e-01
1.540000000000000000e+02 9.983499696376086918e-01
1.550000000000000000e+02 9.983231408492095893e-01
1.560000000000000000e+02 9.982963532674565821e-01
1.570000000000000000e+02 9.982696150507422983e-01
1.580000000000000000e+02 9.982429343421846957e-01
1.590000000000000000e+02 9.982163192671376084e-01
1.600000000000000000e+02 9.981897779307259411e-01
1.610000000000000000e+02 9.981633184153756444e-01
1.620000000000000000e+02 9.981369487783551264e-01
1.630000000000000000e+02 9.981106770493225477e-01
1.640000000000000000e+02 9.980845112278866615e-01
1.650000000000000000e+02 9.980584592811724276e-01
1.660000000000000000e+02 9.980325291413957300e-01
1.670000000000000000e+02 9.980067287034545265e-01
1.680000000000000000e+02 9.979810658225272135e-01
1.690000000000000000e+02 9.979555483116835379e-01
1.700000000000000000e+02 9.979301839395126050e-01
1.710000000000000000e+02 9.979049804277567715e-01
1.720000000000000000e+02 9.978799454489698517e-01
1.730000000000000000e+02 9.978550866241854278e-01
1.740000000000000000e+02 9.978304115205970382e-01
1.750000000000000000e+02 9.978059276492616814e-01
1.760000000000000000e+02 9.977816424628218606e-01
1.770000000000000000e+02 9.977575633532358435e-01
1.780000000000000000e+02 9.977336976495362331e-01
1.790000000000000000e+02 9.977100526156047477e-01
1.800000000000000000e+02 9.976866354479630994e-01
1.810000000000000000e+02 9.976634532735957350e-01
1.820000000000000000e+02 9.976405131477750210e-01
1.830000000000000000e+02 9.976178220519315021e-01
1.840000000000000000e+02 9.975953868915271583e-01
1.850000000000000000e+02 9.975732144939608581e-01
1.860000000000000000e+02 9.975513116065017893e-01
1.870000000000000000e+02 9.975296848942349914e-01
1.880000000000000000e+02 9.975083409380461896e-01
1.890000000000000000e+02 9.974872862326187306e-01
1.900000000000000000e+02 9.974665271844700420e-01
1.910000000000000000e+02 9.974460701100046345e-01
1.920000000000000000e+02 9.974259212336002989e-01
1.930000000000000000e+02 9.974060866857168417e-01
1.940000000000000000e+02 9.973865725010466754e-01
1.950000000000000000e+02 9.973673846166728474e-01
1.960000000000000000e+02 9.973485288702790275e-01
1.970000000000000000e+02 9.973300109983755934e-01
1.980000000000000000e+02 9.973118366345624652e-01
1.990000000000000000e+02 9.972940113078193614e-01
2.000000000000000000e+02 9.972765404408331369e-01
2.010000000000000000e+02 9.972594293483536543e-01
2.020000000000000000e+02 9.972426832355821835e-01
2.030000000000000000e+02 9.972263071965966619e-01
2.040000000000000000e+02 9.972103062128058193e-01
2.050000000000000000e+02 9.971946851514428278e-01
2.060000000000000000e+02 9.971794487640898152e-01
2.070000000000000000e+02 9.971646016852365735e-01
2.080000000000000000e+02 9.971501484308804564e-01
2.090000000000000000e+02 9.971360933971591400e-01
2.100000000000000000e+02 9.971224408590155797e-01
2.110000000000000000e+02 9.971091949689042666e-01
2.120000000000000000e+02 9.970963597555386748e-01
2.130000000000000000e+02 9.970839391226650195e-01
2.140000000000000000e+02 9.970719368478853095e-01
2.150000000000000000e+02 9.970603565815122638e-01
2.160000000000000000e+02 9.970492018454607530e-01
2.170000000000000000e+02 9.970384760321897577e-01
2.180000000000000000e+02 9.970281824036685281e-01
2.190000000000000000e+02 9.970183240903902622e-01
2.200000000000000000e+02 9.970089040904288602e-01
2.210000000000000000e+02 9.969999252685270985e-01
2.220000000000000000e+02 9.969913903552317658e-01
2.230000000000000000e+02 9.969833019460662138e-01
2.240000000000000000e+02 9.969756625007483164e-01
2.250000000000000000e+02 9.969684743424399587e-01
2.260000000000000000e+02 9.969617396570502610e-01
2.270000000000000000e+02 9.969554604925709995e-01
2.280000000000000000e+02 9.969496387584577679e-01
2.290000000000000000e+02 9.969442762250529944e-01
2.300000000000000000e+02 9.969393745230487047e-01
2.310000000000000000e+02 9.969349351429938055e-01
2.320000000000000000e+02 9.969309594348438885e-01
2.330000000000000000e+02 9.969274486075538899e-01
2.340000000000000000e+02 9.969244037287082749e-01
2.350000000000000000e+02 9.969218257242014047e-01
2.360000000000000000e+02 9.969197153779584264e-01
2.370000000000000000e+02 9.969180733316945764e-01
2.380000000000000000e+02 9.969169000847236672e-01
2.390000000000000000e+02 9.969161959938070972e-01
2.400000000000000000e+02 9.969159612730431608e-01
2.410000000000000000e+02 9.969161959938067641e-01
2.420000000000000000e+02 9.969169000847234452e-01
2.430000000000000000e+02 9.969180733316947984e-01
2.440000000000000000e+02 9.969197153779578713e-01
2.450000000000000000e+02 9.969218257242012937e-01
2.460000000000000000e+02 9.969244037287081639e-01
2.470000000000000000e+02 9.969274486075534458e-01
2.480000000000000000e+02 9.969309594348436665e-01
2.490000000000000000e+02 9.969349351429942496e-01
2.500000000000000000e+02 9.969393745230489268e-01
2.510000000000000000e+02 9.969442762250526613e-01
2.520000000000000000e+02 9.969496387584577679e-01
2.530000000000000000e+02 9.969554604925709995e-01
2.540000000000000000e+02 9.969617396570497059e-01
2.550000000000000000e+02 9.969684743424397366e-01
2.560000000000000000e+02 9.969756625007484274e-01
2.570000000000000000e+02 9.969833019460669910e-01
2.580000000000000000e+02 9.969913903552317658e-01
2.590000000000000000e+02 9.969999252685273206e-01
2.600000000000000000e+02 9.970089040904287492e-01
2.610000000000000000e+02 9.970183240903903732e-01
2.620000000000000000e+02 9.970281824036683060e-01
2.630000000000000000e+02 9.970384760321895357e-01
2.640000000000000000e+02 9.970492018454610861e-01
2.650000000000000000e+02 9.970603565815113756e-01
2.660000000000000000e+02 9.970719368478856426e-01
2.670000000000000000e+02 9.970839391226651305e-01
2.680000000000000000e+02 9.970963597555388969e-01
2.690000000000000000e+02 9.971091949689044887e-01
2.700000000000000000e+02 9.971224408590152466e-01
2.710000000000000000e+02 9.971360933971593621e-01
2.720000000000000000e+02 9.971501484308806784e-01
2.730000000000000000e+02 9.971646016852367955e-01
2.740000000000000000e+02 9.971794487640891491e-01
2.750000000000000000e+02 9.971946851514429389e-01
2.760000000000000000e+02 9.972103062128054862e-01
2.770000000000000000e+02 9.972263071965959957e-01
2.780000000000000000e+02 9.972426832355822945e-01
2.790000000000000000e+02 9.972594293483535433e-01
2.800000000000000000e+02 9.972765404408325818e-01
2.810000000000000000e+02 9.972940113078200275e-01
2.820000000000000000e+02 9.973118366345621322e-01
2.830000000000000000e+02 9.973300109983759265e-01
2.840000000000000000e+02 9.973485288702790275e-01
2.850000000000000000e+02 9.973673846166728474e-01
2.860000000000000000e+02 9.973865725010465644e-01
2.870000000000000000e+02 9.974060866857172858e-01
2.880000000000000000e+02 9.974259212336001879e-01
2.890000000000000000e+02 9.974460701100046345e-01
2.900000000000000000e+02 9.974665271844704861e-01
2.910000000000000000e+02 9.974872862326187306e-01
2.920000000000000000e+02 9.975083409380460786e-01
2.930000000000000000e+02 9.975296848942353245e-01
2.940000000000000000e+02 9.975513116065013453e-01
2.950000000000000000e+02 9.975732144939607471e-01
2.960000000000000000e+02 9.975953868915263811e-01
2.970000000000000000e+02 9.976178220519322792e-01
2.980000000000000000e+02 9.976405131477753541e-01
2.990000000000000000e+02 9.976634532735958460e-01
3.000000000000000000e+02 9.976866354479636545e-01
3.010000000000000000e+02 9.977100526156044147e-01
3.020000000000000000e+02 9.977336976495366772e-01
3.030000000000000000e+02 9.977575633532355104e-01
3.040000000000000000e+02 9.977816424628217495e-01
3.050000000000000000e+02 9.978059276492620144e-01
3.060000000000000000e+02 9.978304115205969271e-01
3.070000000000000000e+02 9.978550866241849837e-01
3.080000000000000000e+02 9.978799454489699627e-01
3.090000000000000000e+02 9.979049804277565494e-01
3.100000000000000000e+02 9.979301839395123830e-01
3.110000000000000000e+02 9.979555483116834269e-01
3.120000000000000000e+02 9.979810658225276576e-01
3.130000000000000000e+02 9.980067287034547485e-01
3.140000000000000000e+02 9.980325291413952860e-01
3.150000000000000000e+02 9.980584592811723166e-01
3.160000000000000000e+02 9.980845112278866615e-01
3.170000000000000000e+02 9.981106770493223257e-01
3.180000000000000000e+02 9.981369487783547934e-01
3.190000000000000000e+02 9.981633184153760885e-01
3.200000000000000000e+02 9.981897779307263852e-01
3.210000000000000000e+02 9.982163192671380525e-01
3.220000000000000000e+02 9.982429343421849177e-01
3.230000000000000000e+02 9.982696150507426314e-01
3.240000000000000000e+02 9.982963532674565821e-01
3.250000000000000000e+02 9.983231408492090342e-01
3.260000000000000000e+02 9.983499696376079147e-01
3.270000000000000000e+02 9.983768314614582806e-01
3.280000000000000000e+02 9.984020995507825180e-01
3.290000000000000000e+02 9.984015069591035685e-01
3.300000000000000000e+02 9.984009314057719076e-01
3.310000000000000000e+02 9.984003730598688398e-01
3.320000000000000000e+02 9.983998320853558761e-01
3.330000000000000000e+02 9.983993086410364315e-01
3.340000000000000000e+02 9.983988028805133030e-01
3.350000000000000000e+02 9.983983149521492573e-01
3.360000000000000000e+02 9.983978449990272841e-01
3.370000000000000000e+02 9.983973931589161799e-01
3.380000000000000000e+02 9.983969595642323558e-01
3.390000000000000000e+02 9.983965443420108610e-01
3.400000000000000000e+02 9.983961476138651925e-01
3.410000000000000000e+02 9.983957694959644247e-01
3.420000000000000000e+02 9.983954100989953506e-01
3.430000000000000000e+02 9.983950695281423870e-01
3.440000000000000000e+02 9.983947478830542677e-01
3.450000000000000000e+02 9.983944452578218387e-01
3.460000000000000000e+02 9.983941617409530789e-01
3.470000000000000000e+02 9.983938974153524493e-01
3.480000000000000000e+02 9.983936523582963574e-01
3.490000000000000000e+02 9.983934266414182801e-01
3.500000000000000000e+02 9.983932203306852271e-01
3.510000000000000000e+02 9.983930334863847511e-01
3.520000000000000000e+02 9.983928661631092938e-01
3.530000000000000000e+02 9.983927184097416418e-01
3.540000000000000000e+02 9.983925902694422705e-01
3.550000000000000000e+02 9.983924817796396844e-01
3.560000000000000000e+02 9.983923929720196488e-01
3.570000000000000000e+02 9.983923238725175286e-01
3.580000000000000000e+02 9.983922745013120714e-01
3.590000000000000000e+02 9.983922448728205223e-01
3.600000000000000000e+02 9.983922349956952935e-01
