0.000000000000000000e+00 7.121275069117785021e-15
1.000000000000000000e+00 7.195667754941076867e-15
2.000000000000000000e+00 7.269345482250823398e-15
3.000000000000000000e+00 7.342285994925188740e-15
4.000000000000000000e+00 7.414467347248502509e-15
5.000000000000000000e+00 7.485867562464476352e-15
6.000000000000000000e+00 7.556464881101133501e-15
7.000000000000000000e+00 7.626238133458210200e-15
8.000000000000000000e+00 7.695165963591739615e-15
9.000000000000000000e+00 7.763227636370085892e-15
1.000000000000000000e+01 7.830402261458524911e-15
1.100000000000000000e+01 7.896669910781440684e-15
1.200000000000000000e+01 7.962010407938287672e-15
1.300000000000000000e+01 8.026403824853445152e-15
1.400000000000000000e+01 8.089830481776229847e-15
1.500000000000000000e+01 8.152271723296285194e-15
1.600000000000000000e+01 8.213708242150319878e-15
1.700000000000000000e+01 8.274121538131064028e-15
1.800000000000000000e+01 8.333493669762338082e-15
1.900000000000000000e+01 8.391806043715022995e-15
2.000000000000000000e+01 8.449041494528342681e-15
2.100000000000000000e+01 8.505182546335365027e-15
2.200000000000000000e+01 8.560211878472233568e-15
2.300000000000000000e+01 8.614113536062208327e-15
2.400000000000000000e+01 8.666870788213144274e-15
2.500000000000000000e+01 8.718467835251380234e-15
2.600000000000000000e+01 8.768888784381409010e-15
2.700000000000000000e+01 8.818118860269908767e-15
2.800000000000000000e+01 8.866142884055541421e-15
2.900000000000000000e+01 8.912946142486216341e-15
3.000000000000000000e+01 8.958514884568947871e-15
3.100000000000000000e+01 9.002835110985814491e-15
3.200000000000000000e+01 9.045893753637386424e-15
3.300000000000000000e+01 9.087677340896222381e-15
3.400000000000000000e+01 9.128173208190899363e-15
3.500000000000000000e+01 9.167369808412182880e-15
3.600000000000000000e+01 9.205254570110500684e-15
3.700000000000000000e+01 9.241816318664011829e-15
3.800000000000000000e+01 9.277044096735186950e-15
3.900000000000000000e+01 9.310926915945883450e-15
4.000000000000000000e+01 9.343454936420757322e-15
4.100000000000000000e+01 9.374618287243846592e-15
4.200000000000000000e+01 9.404407190621041615e-15
4.300000000000000000e+01 9.432813048301647728e-15
4.400000000000000000e+01 9.459827230994353880e-15
4.500000000000000000e+01 9.485441357732778572e-15
4.600000000000000000e+01 9.509647823565946933e-15
4.700000000000000000e+01 9.532439147705346504e-15
4.800000000000000000e+01 9.553808656418489423e-15
4.900000000000000000e+01 9.573749986379051744e-15
5.000000000000000000e+01 9.592256960504399978e-15
5.100000000000000000e+01 9.609323556914990484e-15
5.200000000000000000e+01 9.624945460965165368e-15
5.300000000000000000e+01 9.639117240547084537e-15
5.400000000000000000e+01 9.651835139746186720e-15
5.500000000000000000e+01 9.663094905998046806e-15
5.600000000000000000e+01 9.672893342119193839e-15
5.700000000000000000e+01 9.681227188844925655e-15
5.800000000000000000e+01 9.688094211250871539e-15
5.900000000000000000e+01 9.693492702103141009e-15
6.000000000000000000e+01 9.697420116071202594e-15
6.100000000000000000e+01 9.699875832342733198e-15
6.200000000000000000e+01 9.700859354267870560e-15
6.300000000000000000e+01 9.700369750628129248e-15
6.400000000000000000e+01 9.698407362870287990e-15
6.500000000000000000e+01 9.694972904928519054e-15
6.600000000000000000e+01 9.690067401143160202e-15
6.700000000000000000e+01 9.683692279382555971e-15
6.800000000000000000e+01 9.675849308961829627e-15
6.900000000000000000e+01 9.666541128333364970e-15
7.000000000000000000e+01 9.655770344908921522e-15
7.100000000000000000e+01 9.643540404196899797e-15
7.200000000000000000e+01 9.629854441299542701e-15
7.300000000000000000e+01 9.614717298552977315e-15
7.400000000000000000e+01 9.598133197481012358e-15
7.500000000000000000e+01 9.580106856257314078e-15
7.600000000000000000e+01 9.560644296761430850e-15
7.700000000000000000e+01 9.539750951101202768e-15
7.800000000000000000e+01 9.517433089481106184e-15
7.900000000000000000e+01 9.493697696039792871e-15
8.000000000000000000e+01 9.468551816997144233e-15
8.100000000000000000e+01 9.442003119385372656e-15
8.200000000000000000e+01 9.414059611683459787e-15
8.300000000000000000e+01 9.384729612776557497e-15
8.400000000000000000e+01 9.354021876118440827e-15
8.500000000000000000e+01 9.321945744934593098e-15
8.600000000000000000e+01 9.288511121181592677e-15
8.700000000000000000e+01 9.253727751612931240e-15
8.800000000000000000e+01 9.217606407322442956e-15
8.900000000000000000e+01 9.180157890444572076e-15
9.000000000000000000e+01 9.141393499763626691e-15
9.100000000000000000e+01 9.101324844470075649e-15
9.200000000000000000e+01 9.059964278729176458e-15
9.300000000000000000e+01 9.017324125665570238e-15
9.400000000000000000e+01 8.973417174013142398e-15
9.500000000000000000e+01 8.928256740196255425e-15
9.600000000000000000e+01 8.881856637289129335e-15
9.700000000000000000e+01 8.834230895650300461e-15
9.800000000000000000e+01 8.785393545638298826e-15
9.900000000000000000e+01 8.735359672992614913e-15
1.000000000000000000e+02 8.684143928884104996e-15
1.010000000000000000e+02 8.631762547555056575e-15
1.020000000000000000e+02 8.578231080354199694e-15
1.030000000000000000e+02 8.523565140711494026e-15
1.040000000000000000e+02 8.467782266575110777e-15
1.050000000000000000e+02 8.410898381781171954e-15
1.060000000000000000e+02 8.352931365724624335e-15
1.070000000000000000e+02 8.293898414906857243e-15
1.080000000000000000e+02 8.233817222479120685e-15
1.090000000000000000e+02 8.172706474892382879e-15
1.100000000000000000e+02 8.110584579232066104e-15
1.110000000000000000e+02 8.047469725299277893e-15
1.120000000000000000e+02 7.983381748047788217e-15
1.130000000000000000e+02 7.918339644334727631e-15
1.140000000000000000e+02 7.852363435357562875e-15
1.150000000000000000e+02 7.785472521501432860e-15
1.160000000000000000e+02 7.717687731019828925e-15
1.170000000000000000e+02 7.649029271353913000e-15
1.180000000000000000e+02 7.579518281163335606e-15
1.190000000000000000e+02 7.509175588701583346e-15
1.200000000000000000e+02 7.438022611993854262e-15
1.210000000000000000e+02 7.366080520740415262e-15
1.220000000000000000e+02 7.293371695225563056e-15
1.230000000000000000e+02 7.219917801799426815e-15
1.240000000000000000e+02 7.145741375949385203e-15
1.250000000000000000e+02 7.070864860040970079e-15
1.260000000000000000e+02 6.995310696439714087e-15
1.270000000000000000e+02 6.919102010404704963e-15
1.280000000000000000e+02 6.842261989276264801e-15
1.290000000000000000e+02 6.764813975597796077e-15
1.300000000000000000e+02 6.686781187750234908e-15
1.310000000000000000e+02 6.608187775333006792e-15
1.320000000000000000e+02 6.529056987767665026e-15
1.330000000000000000e+02 6.449413440262877035e-15
1.340000000000000000e+02 6.369281189296218348e-15
1.350000000000000000e+02 6.288684260304648895e-15
1.360000000000000000e+02 6.207647330578068093e-15
1.370000000000000000e+02 6.126195356771922879e-15
1.380000000000000000e+02 6.044352488485636380e-15
1.390000000000000000e+02 5.962144116943282649e-15
1.400000000000000000e+02 5.879595229840923437e-15
1.410000000000000000e+02 5.796730349265378569e-15
1.420000000000000000e+02 5.713575083725035257e-15
1.430000000000000000e+02 5.630154793403348794e-15
1.440000000000000000e+02 5.546494807443161238e-15
1.450000000000000000e+02 5.462620423946697465e-15
1.460000000000000000e+02 5.378557468706657061e-15
1.470000000000000000e+02 5.294331301906497686e-15
1.480000000000000000e+02 5.209967438932757378e-15
1.490000000000000000e+02 5.125491860781218468e-15
1.500000000000000000e+02 5.040930113879033810e-15
1.510000000000000000e+02 4.956308117140753741e-15
1.520000000000000000e+02 4.871651261790451524e-15
1.530000000000000000e+02 4.786985901311303030e-15
1.540000000000000000e+02 4.702337520049230697e-15
1.550000000000000000e+02 4.617731881715702116e-15
1.560000000000000000e+02 4.533194687940952885e-15
1.570000000000000000e+02 4.448752261167543276e-15
1.580000000000000000e+02 4.364429620132151430e-15
1.590000000000000000e+02 4.280253056236722806e-15
1.600000000000000000e+02 4.196248053827177472e-15
1.610000000000000000e+02 4.112439786843275528e-15
1.620000000000000000e+02 4.028854546686961642e-15
1.630000000000000000e+02 3.945517569379227909e-15
1.640000000000000000e+02 3.862454090941065633e-15
1.650000000000000000e+02 3.779689906124559587e-15
1.660000000000000000e+02 3.697249630138377191e-15
1.670000000000000000e+02 3.615159306059533562e-15
1.680000000000000000e+02 3.533443145568683426e-15
1.690000000000000000e+02 3.452126570930518014e-15
1.700000000000000000e+02 3.371234445678634302e-15
1.710000000000000000e+02 3.290791385021699317e-15
1.720000000000000000e+02 3.210821942087149274e-15
1.730000000000000000e+02 3.131350576880569640e-15
1.740000000000000000e+02 3.052401345879536733e-15
1.750000000000000000e+02 2.973998957414566757e-15
1.760000000000000000e+02 2.896167064435224126e-15
1.770000000000000000e+02 2.818929444053538033e-15
1.780000000000000000e+02 2.742309531934760128e-15
1.790000000000000000e+02 2.666331012069071216e-15
1.800000000000000000e+02 2.591017413243570544e-15
1.810000000000000000e+02 2.516391177823790363e-15
1.820000000000000000e+02 2.442475462109435192e-15
1.830000000000000000e+02 2.369293143034664397e-15
1.840000000000000000e+02 2.296866011112069166e-15
1.850000000000000000e+02 2.225216694950877730e-15
1.860000000000000000e+02 2.154367078185530848e-15
1.870000000000000000e+02 2.084338578841224194e-15
1.880000000000000000e+02 2.015153080552397734e-15
1.890000000000000000e+02 1.946831380531923260e-15
1.900000000000000000e+02 1.879394617439450501e-15
1.910000000000000000e+02 1.812863681609700817e-15
1.920000000000000000e+02 1.747258345915209817e-15
1.930000000000000000e+02 1.682599314447000708e-15
1.940000000000000000e+02 1.618906049671447946e-15
1.950000000000000000e+02 1.556198076136157388e-15
1.960000000000000000e+02 1.494494763185654907e-15
1.970000000000000000e+02 1.433815045595838475e-15
1.980000000000000000e+02 1.374177733980141285e-15
1.990000000000000000e+02 1.315600304205498999e-15
2.000000000000000000e+02 1.258101660007193592e-15
2.010000000000000000e+02 1.201699091008463362e-15
2.020000000000000000e+02 1.146409483304535098e-15
2.030000000000000000e+02 1.092250467965425827e-15
2.040000000000000000e+02 1.039238186111573284e-15
2.050000000000000000e+02 9.873893065538910955e-16
2.060000000000000000e+02 9.367191633567951579e-16
2.070000000000000000e+02 8.872439286813395972e-16
2.080000000000000000e+02 8.389783468202318320e-16
2.090000000000000000e+02 7.919374414317255218e-16
2.100000000000000000e+02 7.461358016054473114e-16
2.110000000000000000e+02 7.015868368876068896e-16
2.120000000000000000e+02 6.583050122053659274e-16
2.130000000000000000e+02 6.163032714956909051e-16
2.140000000000000000e+02 5.755942793300020622e-16
2.150000000000000000e+02 5.361909175640335892e-16
2.160000000000000000e+02 4.981050747538001811e-16
2.170000000000000000e+02 4.613485152928517562e-16
2.180000000000000000e+02 4.259324448436460473e-16
2.190000000000000000e+02 3.918680380280245438e-16
2.200000000000000000e+02 3.591650105588662283e-16
2.210000000000000000e+02 3.278342266518503527e-16
2.220000000000000000e+02 2.978851536949260010e-16
2.230000000000000000e+02 2.693265761824853447e-16
2.240000000000000000e+02 2.421676200556988882e-16
2.250000000000000000e+02 2.164165731590992029e-16
2.260000000000000000e+02 1.920811646061266504e-16
2.270000000000000000e+02 1.691687820634431602e-16
2.280000000000000000e+02 1.476869994414079751e-16
2.290000000000000000e+02 1.276420248632664382e-16
2.300000000000000000e+02 1.090399422897989186e-16
2.310000000000000000e+02 9.188674255993716594e-17
2.320000000000000000e+02 7.618745425350985056e-17
2.330000000000000000e+02 6.194670242233474857e-17
2.340000000000000000e+02 4.916951564624054870e-17
2.350000000000000000e+02 3.785915318993103512e-17
2.360000000000000000e+02 2.801940200858584763e-17
2.370000000000000000e+02 1.965339720444386429e-17
2.380000000000000000e+02 1.276318745817603611e-17
2.390000000000000000e+02 7.351659547091428908e-18
2.400000000000000000e+02 3.419868852141745485e-18
2.410000000000000000e+02 9.691501198247280067e-19
2.420000000000000000e+02 0.000000000000000000e+00
2.430000000000000000e+02 5.134428330030371671e-19
2.440000000000000000e+02 2.508733644044402581e-18
2.450000000000000000e+02 5.985282661415792546e-18
2.460000000000000000e+02 1.094209658539795770e-17
2.470000000000000000e+02 1.737756130394711883e-17
2.480000000000000000e+02 2.529006270501949635e-17
2.490000000000000000e+02 3.467649672699243721e-17
2.500000000000000000e+02 4.553456636426517812e-17
2.510000000000000000e+02 5.786079506782034152e-17
2.520000000000000000e+02 7.165102339508358154e-17
2.530000000000000000e+02 8.690143335025903954e-17
2.540000000000000000e+02 1.036072446784478206e-16
2.550000000000000000e+02 1.217630873530427240e-16
2.560000000000000000e+02 1.413634051037392241e-16
2.570000000000000000e+02 1.624023622946867268e-16
2.580000000000000000e+02 1.848734403964776515e-16
2.590000000000000000e+02 2.087696863110772554e-16
2.600000000000000000e+02 2.340836502905911957e-16
2.610000000000000000e+02 2.608077584246601559e-16
2.620000000000000000e+02 2.889334124625894254e-16
2.630000000000000000e+02 3.184524176816951633e-16
2.640000000000000000e+02 3.493554618971094535e-16
2.650000000000000000e+02 3.816331087614994061e-16
2.660000000000000000e+02 4.152754252776725312e-16
2.670000000000000000e+02 4.502718886767280088e-16
2.680000000000000000e+02 4.866119761897651174e-16
2.690000000000000000e+02 5.242844821543260749e-16
2.700000000000000000e+02 5.632777042580933513e-16
2.710000000000000000e+02 6.035798470669010315e-16
2.720000000000000000e+02 6.451783701717934553e-16
2.730000000000000000e+02 6.880604227576529223e-16
2.740000000000000000e+02 7.322131229687454391e-16
2.750000000000000000e+02 7.776226266902339086e-16
2.760000000000000000e+02 8.242751829291300129e-16
2.770000000000000000e+02 8.721562025958073044e-16
2.780000000000000000e+02 9.212514690880340597e-16
2.790000000000000000e+02 9.715453689758481414e-16
2.800000000000000000e+02 1.023022723397915116e-15
2.810000000000000000e+02 1.075667639558726607e-15
2.820000000000000000e+02 1.129464100500310049e-15
2.830000000000000000e+02 1.184395499492984008e-15
2.840000000000000000e+02 1.240444981482137692e-15
2.850000000000000000e+02 1.297595474128846160e-15
2.860000000000000000e+02 1.355829035956931035e-15
2.870000000000000000e+02 1.415128532546234792e-15
2.880000000000000000e+02 1.475475060161475654e-15
2.890000000000000000e+02 1.536850646285858459e-15
2.900000000000000000e+02 1.599236014696706507e-15
2.910000000000000000e+02 1.662612665186748941e-15
2.920000000000000000e+02 1.726960421355438247e-15
2.930000000000000000e+02 1.792260131142562898e-15
2.940000000000000000e+02 1.858491338782029239e-15
2.950000000000000000e+02 1.925634147238836688e-15
2.960000000000000000e+02 1.993667976584426222e-15
2.970000000000000000e+02 2.062571563996683334e-15
2.980000000000000000e+02 2.132324205384585013e-15
2.990000000000000000e+02 2.202904513763550399e-15
3.000000000000000000e+02 2.274290667580373095e-15
3.010000000000000000e+02 2.346461124647391467e-15
3.020000000000000000e+02 2.419393318436608882e-15
3.030000000000000000e+02 2.493065303232353377e-15
3.040000000000000000e+02 2.567454574587860313e-15
3.050000000000000000e+02 2.642538193487738332e-15
3.060000000000000000e+02 2.718293593403991194e-15
3.070000000000000000e+02 2.794697059305821307e-15
3.080000000000000000e+02 2.871725093446745815e-15
3.090000000000000000e+02 2.949355005136302521e-15
3.100000000000000000e+02 3.027562272287672782e-15
3.110000000000000000e+02 3.106323397154372956e-15
3.120000000000000000e+02 3.185614292218211120e-15
3.130000000000000000e+02 3.265410466432985023e-15
3.140000000000000000e+02 3.345687708118037570e-15
3.150000000000000000e+02 3.426421495186549727e-15
3.160000000000000000e+02 3.507587336592319241e-15
3.170000000000000000e+02 3.589160058395586408e-15
3.180000000000000000e+02 3.671115231631379789e-15
3.190000000000000000e+02 3.753427434035011306e-15
3.200000000000000000e+02 3.836071739991650414e-15
3.210000000000000000e+02 3.919023192845850964e-15
3.220000000000000000e+02 4.002255780561215810e-15
3.230000000000000000e+02 4.085744794807226779e-15
3.240000000000000000e+02 4.169464502913034248e-15
3.250000000000000000e+02 4.253389110126552655e-15
3.260000000000000000e+02 4.337493628751720249e-15
3.270000000000000000e+02 4.421752015711522705e-15
3.280000000000000000e+02 4.506138600416340815e-15
3.290000000000000000e+02 4.590627681235938982e-15
3.300000000000000000e+02 4.675193587580697998e-15
3.310000000000000000e+02 4.759810773023462645e-15
3.320000000000000000e+02 4.844452884081057050e-15
3.330000000000000000e+02 4.929094529529408739e-15
3.340000000000000000e+02 5.013710100860129711e-15
3.350000000000000000e+02 5.098273617077439212e-15
3.360000000000000000e+02 5.182759407591717246e-15
3.370000000000000000e+02 5.267141708691496222e-15
3.380000000000000000e+02 5.351394539380993806e-15
3.390000000000000000e+02 5.435493036126613025e-15
3.400000000000000000e+02 5.519411062729491957e-15
3.410000000000000000e+02 5.603122917559393424e-15
3.420000000000000000e+02 5.686603550839024472e-15
3.430000000000000000e+02 5.769827385100612700e-15
3.440000000000000000e+02 5.852769370566864363e-15
3.450000000000000000e+02 5.935404022891857024e-15
3.460000000000000000e+02 6.017706323338911753e-15
3.470000000000000000e+02 6.099651222130734804e-15
3.480000000000000000e+02 6.181213948855576797e-15
3.490000000000000000e+02 6.262369826223537529e-15
3.500000000000000000e+02 6.343093804457322465e-15
3.510000000000000000e+02 6.423361516673193738e-15
3.520000000000000000e+02 6.503148782231110249e-15
3.530000000000000000e+02 6.582431141125486534e-15
3.540000000000000000e+02 6.661184816244292218e-15
3.550000000000000000e+02 6.739385720069336165e-15
3.560000000000000000e+02 6.817010199651052776e-15
3.570000000000000000e+02 6.894034695161727204e-15
3.580000000000000000e+02 6.970435864057956975e-15
3.590000000000000000e+02 7.046190332755722434e-15
3.600000000000000000e+02 7.121275069117785021e-15
